  0.0000000000000000e+000   1.5000000000000000e+000  -4.0000000000000000e+000   1.5000000000000000e+000
  1.0000000000000023e-001   5.2688840855944683e+000  -3.9278808741508699e+000   2.2815642625281298e+000
  2.0000000000000046e-001   1.5360670452720028e+001  -3.6118413766955926e+000   6.8659391065189634e+000
  3.0000000000000071e-001   2.5233124157351469e+001  -3.0557716666166543e+000   1.5551204108484853e+001
  4.0000000000000091e-001   3.4785526960281913e+001  -2.2936272091997090e+000   2.5442801142488225e+001
  5.0000000000000111e-001   4.3989966049128078e+001  -1.3452961221124076e+000   3.5415436900296953e+001
  6.0000000000000131e-001   5.2852583677604649e+001  -2.2144803127453239e-001   4.5175464482260573e+001
  7.0000000000000151e-001   6.1371987420895181e+001  -8.7910688419492233e-001   5.4510499425304914e+001
  8.0000000000000171e-001   6.9436624528634354e+001  -2.5237489945363309e+000   6.2916425090808112e+001
  9.0000000000000191e-001   7.6956382262114388e+001  -3.3233538367164899e+000   7.0724343215289764e+001
  1.0000000000000022e+000   8.3950067620490969e+001  -3.6973581674863403e+000   7.8081932228787437e+001
  1.1000000000000025e+000   9.0457626112732441e+001  -3.8684807094596629e+000   8.5016419178436280e+001
  1.2000000000000028e+000   9.6512862866740122e+001  -3.9446959339676164e+000   9.1526097558450687e+001
  1.3000000000000032e+000   1.0214058546501420e+002  -3.9772783483498917e+000   9.7608405271321416e+001
  1.4000000000000035e+000   1.0735955130096339e+002  -3.9908533356080578e+000   1.0326540661267138e+002
  1.5000000000000038e+000   1.1218545220934458e+002  -3.9963950095674154e+000   1.0850391073236352e+002
  1.6000000000000041e+000   1.1663300878136866e+002  -3.9986334273358550e+000   1.1333435389196613e+002
  1.7000000000000044e+000   1.2071713634896767e+002  -3.9994889122143920e+000   1.1776986516981287e+002
  1.8000000000000047e+000   1.2445350093390380e+002  -3.9998216104381963e+000   1.2182572177284437e+002
  1.9000000000000050e+000   1.2785867083409735e+002  -3.9999482336609913e+000   1.2551887840928018e+002
  2.0000000000000053e+000   1.3095006089702520e+002  -3.9999841823478346e+000   1.2886774922041030e+002
  2.1000000000000054e+000   1.3374574675230002e+002  -3.9999965380368665e+000   1.3189184801967474e+002
  2.2000000000000055e+000   1.3626433594391324e+002  -4.0000000000000000e+000   1.3461163790779941e+002
  2.3000000000000056e+000   1.3852445288592671e+002  -4.0000000000000000e+000   1.3704781095853338e+002
  2.4000000000000057e+000   1.4054475947468595e+002  -4.0000000000000000e+000   1.3922133410482652e+002
  2.5000000000000058e+000   1.4234351104713272e+002  -4.0000000000000000e+000   1.4115282219310390e+002
  2.6000000000000059e+000   1.4393840054557154e+002  -4.0000000000000000e+000   1.4286233057571951e+002
  2.7000000000000060e+000   1.4534636663755171e+002  -4.0000000000000000e+000   1.4436907173763188e+002
  2.8000000000000060e+000   1.4658347695531077e+002  -4.0000000000000000e+000   1.4569122141332980e+002
  2.9000000000000061e+000   1.4766475900692302e+002  -4.0000000000000000e+000   1.4684577583179583e+002
  3.0000000000000062e+000   1.4860405960912684e+002  -4.0000000000000000e+000   1.4784823329930575e+002
  3.1000000000000063e+000   1.4941434659426935e+002  -4.0000000000000000e+000   1.4871308897422094e+002
  3.2000000000000064e+000   1.5010747709103424e+002  -4.0000000000000000e+000   1.4945347849209759e+002
  3.3000000000000065e+000   1.5069435611686097e+002  -4.0000000000000000e+000   1.5008139777172522e+002
  3.4000000000000066e+000   1.5118498464869700e+002  -4.0000000000000000e+000   1.5060776375419437e+002
  3.5000000000000067e+000   1.5158849929149838e+002  -4.0000000000000000e+000   1.5104254386494182e+002
  3.6000000000000068e+000   1.5191337063640555e+002  -4.0000000000000000e+000   1.5139459600655644e+002
  3.7000000000000068e+000   1.5216715932728957e+002  -4.0000000000000000e+000   1.5167224008978056e+002
  3.8000000000000069e+000   1.5235684442011313e+002  -4.0000000000000000e+000   1.5188280275170931e+002
  3.9000000000000070e+000   1.5248942052892730e+002  -4.0000000000000000e+000   1.5203362396313082e+002
  4.0000000000000071e+000   1.5257117050532048e+002  -4.0000000000000000e+000   1.5213125757808848e+002
  4.1000000000000076e+000   1.5260805108022035e+002  -4.0000000000000000e+000   1.5218189174501808e+002
  4.2000000000000082e+000   1.5260577133649707e+002  -4.0000000000000000e+000   1.5219141872774264e+002
  4.3000000000000087e+000   1.5256989548220338e+002  -4.0000000000000000e+000   1.5216557275222561e+002
  4.4000000000000092e+000   1.5250554955973220e+002  -4.0000000000000000e+000   1.5210959178648272e+002
  4.5000000000000098e+000   1.5241764101912750e+002  -4.0000000000000000e+000   1.5202850208667294e+002
  4.6000000000000103e+000   1.5231117668904162e+002  -4.0000000000000000e+000   1.5192742052568667e+002
  4.7000000000000108e+000   1.5219076141133456e+002  -4.0000000000000000e+000   1.5181103465258536e+002
  4.8000000000000114e+000   1.5206074911415405e+002  -4.0000000000000000e+000   1.5168379466036012e+002
  4.9000000000000119e+000   1.5192524507714177e+002  -4.0000000000000000e+000   1.5154989649470218e+002
  5.0000000000000124e+000   1.5178804064040378e+002  -4.0000000000000000e+000   1.5141322573994898e+002
  5.1000000000000130e+000   1.5165260044434504e+002  -4.0000000000000000e+000   1.5127734534982136e+002
  5.2000000000000135e+000   1.5152201367010065e+002  -4.0000000000000000e+000   1.5114544792352567e+002
  5.3000000000000140e+000   1.5139893331023666e+002  -4.0000000000000000e+000   1.5102030088362810e+002
  5.4000000000000146e+000   1.5128552175013240e+002  -4.0000000000000000e+000   1.5090417541169944e+002
  5.5000000000000151e+000   1.5118361558963346e+002  -4.0000000000000000e+000   1.5079903063372407e+002
  5.6000000000000156e+000   1.5109454312307918e+002  -4.0000000000000000e+000   1.5070631626970010e+002
  5.7000000000000162e+000   1.5101919420321238e+002  -4.0000000000000000e+000   1.5062704325609820e+002
  5.8000000000000167e+000   1.5095805776355547e+002  -4.0000000000000000e+000   1.5056181940510459e+002
  5.9000000000000172e+000   1.5091145385755246e+002  -4.0000000000000000e+000   1.5051108054424418e+002
  6.0000000000000178e+000   1.5087885350159615e+002  -4.0000000000000000e+000   1.5047440727439513e+002
  6.1000000000000183e+000   1.5085919207208366e+002  -4.0000000000000000e+000   1.5045081350080849e+002
  6.2000000000000188e+000   1.5085201647175660e+002  -4.0000000000000000e+000   1.5043993170262317e+002
  6.3000000000000194e+000   1.5085623993967062e+002  -4.0000000000000000e+000   1.5044074403500971e+002
  6.4000000000000199e+000   1.5087059658476105e+002  -4.0000000000000000e+000   1.5045203722421908e+002
  6.5000000000000204e+000   1.5089378037027157e+002  -4.0000000000000000e+000   1.5047253791126772e+002
  6.6000000000000210e+000   1.5092440653242713e+002  -4.0000000000000000e+000   1.5050088528665850e+002
  6.7000000000000215e+000   1.5096113636841395e+002  -4.0000000000000000e+000   1.5053574729964959e+002
  6.8000000000000220e+000   1.5100254735244798e+002  -4.0000000000000000e+000   1.5057569904464697e+002
  6.9000000000000226e+000   1.5104731240546135e+002  -4.0000000000000000e+000   1.5061939886201651e+002
  7.0000000000000231e+000   1.5109420298783490e+002  -4.0000000000000000e+000   1.5066559431812630e+002
  7.1000000000000236e+000   1.5114208923149806e+002  -4.0000000000000000e+000   1.5071312398592107e+002
  7.2000000000000242e+000   1.5118999138858553e+002  -4.0000000000000000e+000   1.5076097175094796e+002
  7.3000000000000247e+000   1.5123708687697325e+002  -4.0000000000000000e+000   1.5080827855145060e+002
  7.4000000000000252e+000   1.5128259996629410e+002  -4.0000000000000000e+000   1.5085422647371922e+002
  7.5000000000000258e+000   1.5132595232322154e+002  -4.0000000000000000e+000   1.5089819630726865e+002
  7.6000000000000263e+000   1.5136666998783562e+002  -4.0000000000000000e+000   1.5093967415395329e+002
  7.7000000000000268e+000   1.5140440460175785e+002  -4.0000000000000000e+000   1.5097827332568133e+002
  7.8000000000000274e+000   1.5143892893883199e+002  -4.0000000000000000e+000   1.5101373064624607e+002
  7.9000000000000279e+000   1.5147011406915993e+002  -4.0000000000000000e+000   1.5104588397442222e+002
  8.0000000000000284e+000   1.5149793509988663e+002  -4.0000000000000000e+000   1.5107467860037468e+002
  8.1000000000000281e+000   1.5152248903080161e+002  -4.0000000000000000e+000   1.5110018604737130e+002
  8.2000000000000277e+000   1.5154390981740104e+002  -4.0000000000000000e+000   1.5112251946470289e+002
  8.3000000000000274e+000   1.5156239088677336e+002  -4.0000000000000000e+000   1.5114185491296752e+002
  8.4000000000000270e+000   1.5157817664961203e+002  -4.0000000000000000e+000   1.5115842239444274e+002
  8.5000000000000266e+000   1.5159154424862584e+002  -4.0000000000000000e+000   1.5117248857257633e+002
  8.6000000000000263e+000   1.5160279280483593e+002  -4.0000000000000000e+000   1.5118434463073766e+002
  8.7000000000000259e+000   1.5161224679293181e+002  -4.0000000000000000e+000   1.5119431390883429e+002
  8.8000000000000256e+000   1.5162029690079569e+002  -4.0000000000000000e+000   1.5120278519827650e+002
  8.9000000000000252e+000   1.5162716784657874e+002  -4.0000000000000000e+000   1.5120998571495088e+002
  9.0000000000000249e+000   1.5163307309907856e+002  -4.0000000000000000e+000   1.5121613051822783e+002
  9.1000000000000245e+000   1.5163838206587474e+002  -4.0000000000000000e+000   1.5122159559599274e+002
  9.2000000000000242e+000   1.5164333557598280e+002  -4.0000000000000000e+000   1.5122662873206852e+002
  9.3000000000000238e+000   1.5164817527089951e+002  -4.0000000000000000e+000   1.5123148000819418e+002
  9.4000000000000234e+000   1.5165310932499091e+002  -4.0000000000000000e+000   1.5123636685701106e+002
  9.5000000000000231e+000   1.5165829524025656e+002  -4.0000000000000000e+000   1.5124145649575161e+002
  9.6000000000000227e+000   1.5166385568843609e+002  -4.0000000000000000e+000   1.5124688063109477e+002
  9.7000000000000224e+000   1.5166989948838639e+002  -4.0000000000000000e+000   1.5125275794169934e+002
  9.8000000000000220e+000   1.5167650002595644e+002  -4.0000000000000000e+000   1.5125917113874200e+002
  9.9000000000000217e+000   1.5168369893604216e+002  -4.0000000000000000e+000   1.5126617042488007e+002
  1.0000000000000000e+001   1.5169151201361629e+002  -4.0000000000000000e+000   1.5127377968437162e+002
