  0.0000000000000000e+000   1.5000000000000000e+000  -4.0000000000000000e+000   1.5000000000000000e+000
  1.0000000000000023e-001   9.4401991854063123e+000  -3.9278808551073028e+000   2.7873960524856072e+000
  2.0000000000000046e-001   2.6298827762262370e+001  -3.6118414174607207e+000   1.0619269698064420e+001
  3.0000000000000071e-001   4.1403076130055815e+001  -3.0557735599648357e+000   2.3423257986361449e+001
  4.0000000000000091e-001   5.5906421033890744e+001  -2.2936231471051682e+000   3.7536596137588042e+001
  5.0000000000000111e-001   6.9647639803056592e+001  -1.6690765034295159e+000   5.1876846029779706e+001
  6.0000000000000131e-001   8.2726721607181119e+001  -2.7846739350500633e+000   6.5721387040244906e+001
  7.0000000000000151e-001   9.5076183379162387e+001  -3.4010445949876122e+000   7.8900753014823437e+001
  8.0000000000000171e-001   1.0664655126609888e+002  -3.7166905262954866e+000   9.1460474991105258e+001
  9.0000000000000191e-001   1.1738211530367727e+002  -3.8701037684228070e+000   1.0337379386997625e+002
  1.0000000000000022e+000   1.2720552996788460e+002  -3.9418642400414492e+000   1.1456850371978675e+002
  1.1000000000000025e+000   1.3601252135381122e+002  -3.9747890750672870e+000   1.2493900438693272e+002
  1.2000000000000028e+000   1.4368078332143108e+002  -3.9893040450899329e+000   1.3435084794884816e+002
  1.3000000000000032e+000   1.5009313378527412e+002  -3.9955823499023713e+000   1.4264183279268289e+002
  1.4000000000000035e+000   1.5518569057629361e+002  -3.9982251263017625e+000   1.4963895770130449e+002
  1.5000000000000038e+000   1.5900132674621744e+002  -3.9992911095227113e+000   1.5520076451550636e+002
  1.6000000000000041e+000   1.6170977720404790e+002  -3.9997201423757933e+000   1.5929110298218987e+002
  1.7000000000000044e+000   1.6355941412434231e+002  -3.9998902605858970e+000   1.6205011390364695e+002
  1.8000000000000047e+000   1.6479448019351383e+002  -3.9999572168024131e+000   1.6378534940201982e+002
  1.9000000000000050e+000   1.6561320465318357e+002  -3.9999834390677536e+000   1.6485127262598832e+002
  2.0000000000000053e+000   1.6616813147439922e+002  -3.9999936291789915e+000   1.6552656437924412e+002
  2.1000000000000054e+000   1.6656827911911171e+002  -3.9999975581701741e+000   1.6598622327975951e+002
  2.2000000000000055e+000   1.6688324144389347e+002  -3.9999990847843234e+000   1.6633116125611485e+002
  2.3000000000000056e+000   1.6715125430824096e+002  -3.9999996517125065e+000   1.6661425919139606e+002
  2.4000000000000057e+000   1.6739330859314924e+002  -3.9999998546622288e+000   1.6686410642255149e+002
  2.5000000000000058e+000   1.6762115613857782e+002  -3.9999999388353960e+000   1.6709624000196192e+002
  2.6000000000000059e+000   1.6784001856388119e+002  -3.9999999740762857e+000   1.6731765196695179e+002
  2.7000000000000060e+000   1.6805277311136581e+002  -3.9999999892441145e+000   1.6753203408242183e+002
  2.8000000000000060e+000   1.6826087248215944e+002  -3.9999999949027187e+000   1.6774122837506644e+002
  2.9000000000000061e+000   1.6846535161898197e+002  -3.9999999972782891e+000   1.6794648884007407e+002
  3.0000000000000062e+000   1.6866686847083042e+002  -3.9999999985423753e+000   1.6814857808720362e+002
  3.1000000000000063e+000   1.6886588496988344e+002  -3.9999999993677591e+000   1.6834801698173189e+002
  3.2000000000000064e+000   1.6906275048328828e+002  -3.9999999999862879e+000   1.6854519155566243e+002
  3.3000000000000065e+000   1.6925771389262326e+002  -4.0000000000000000e+000   1.6874036571615480e+002
  3.4000000000000066e+000   1.6945101624239624e+002  -4.0000000000000000e+000   1.6893380660938726e+002
  3.5000000000000067e+000   1.6964281613403008e+002  -4.0000000000000000e+000   1.6912568501199451e+002
  3.6000000000000068e+000   1.6983327127984197e+002  -4.0000000000000000e+000   1.6931617025855803e+002
  3.7000000000000068e+000   1.7002251892000777e+002  -4.0000000000000000e+000   1.6950540908468309e+002
  3.8000000000000069e+000   1.7021066319697772e+002  -4.0000000000000000e+000   1.6969351172216960e+002
  3.9000000000000070e+000   1.7039779162730164e+002  -4.0000000000000000e+000   1.6988057033298682e+002
  4.0000000000000071e+000   1.7058398121506937e+002  -4.0000000000000000e+000   1.7006666615953978e+002
  4.1000000000000076e+000   1.7076929775062140e+002  -4.0000000000000000e+000   1.7025186850737612e+002
  4.2000000000000082e+000   1.7095379850316516e+002  -4.0000000000000000e+000   1.7043623747922547e+002
  4.3000000000000087e+000   1.7113753307167187e+002  -4.0000000000000000e+000   1.7061982518576809e+002
  4.4000000000000092e+000   1.7132054794555657e+002  -4.0000000000000000e+000   1.7080268032300285e+002
  4.5000000000000098e+000   1.7150288036300802e+002  -4.0000000000000000e+000   1.7098484174972708e+002
  4.6000000000000103e+000   1.7168456116787809e+002  -4.0000000000000000e+000   1.7116634149898351e+002
  4.7000000000000108e+000   1.7186562009099845e+002  -4.0000000000000000e+000   1.7134721047509973e+002
  4.8000000000000114e+000   1.7204608052859791e+002  -4.0000000000000000e+000   1.7152747293945424e+002
  4.9000000000000119e+000   1.7222596968887783e+002  -4.0000000000000000e+000   1.7170715770010312e+002
  5.0000000000000124e+000   1.7240530897379216e+002  -4.0000000000000000e+000   1.7188628681427903e+002
  5.1000000000000130e+000   1.7258411577046536e+002  -4.0000000000000000e+000   1.7206487832024067e+002
  5.2000000000000135e+000   1.7276240731345024e+002  -4.0000000000000000e+000   1.7224295002741346e+002
  5.3000000000000140e+000   1.7294019943094929e+002  -4.0000000000000000e+000   1.7242051833547481e+002
  5.4000000000000146e+000   1.7311750603623423e+002  -4.0000000000000000e+000   1.7259759764679120e+002
  5.5000000000000151e+000   1.7329433956235678e+002  -4.0000000000000000e+000   1.7277420081698213e+002
  5.6000000000000156e+000   1.7347071146901425e+002  -4.0000000000000000e+000   1.7295033968350373e+002
  5.7000000000000162e+000   1.7364663170503457e+002  -4.0000000000000000e+000   1.7312602452747072e+002
  5.8000000000000167e+000   1.7382210877560235e+002  -4.0000000000000000e+000   1.7330126409933985e+002
  5.9000000000000172e+000   1.7399715092048942e+002  -4.0000000000000000e+000   1.7347606691532673e+002
  6.0000000000000178e+000   1.7417176650056118e+002  -4.0000000000000000e+000   1.7365044158823486e+002
  6.1000000000000183e+000   1.7434596259628989e+002  -4.0000000000000000e+000   1.7382439541740402e+002
  6.2000000000000188e+000   1.7451974571721971e+002  -4.0000000000000000e+000   1.7399793509728585e+002
  6.3000000000000194e+000   1.7469312160063939e+002  -4.0000000000000000e+000   1.7417106652721199e+002
  6.4000000000000199e+000   1.7486609669636047e+002  -4.0000000000000000e+000   1.7434379633513726e+002
  6.5000000000000204e+000   1.7503867554756289e+002  -4.0000000000000000e+000   1.7451612918410589e+002
  6.6000000000000210e+000   1.7521086139565145e+002  -4.0000000000000000e+000   1.7468806819105933e+002
  6.7000000000000215e+000   1.7538265872689783e+002  -4.0000000000000000e+000   1.7485961860229261e+002
  6.8000000000000220e+000   1.7555407199538865e+002  -4.0000000000000000e+000   1.7503078433727515e+002
  6.9000000000000226e+000   1.7572510501176188e+002  -4.0000000000000000e+000   1.7520156951512172e+002
  7.0000000000000231e+000   1.7589576084662630e+002  -4.0000000000000000e+000   1.7537197727975166e+002
  7.1000000000000236e+000   1.7606604269682887e+002  -4.0000000000000000e+000   1.7554201090073764e+002
  7.2000000000000242e+000   1.7623595376156979e+002  -4.0000000000000000e+000   1.7571167364996899e+002
  7.3000000000000247e+000   1.7640549679157689e+002  -4.0000000000000000e+000   1.7588096833605815e+002
  7.4000000000000252e+000   1.7657467441051551e+002  -4.0000000000000000e+000   1.7604989763751266e+002
  7.5000000000000258e+000   1.7674348900428788e+002  -4.0000000000000000e+000   1.7621846398730193e+002
  7.6000000000000263e+000   1.7691190108745013e+002  -4.0000000000000000e+000   1.7638662786879868e+002
  7.7000000000000268e+000   1.7707999682170049e+002  -4.0000000000000000e+000   1.7655447573314052e+002
  7.8000000000000274e+000   1.7724773603097395e+002  -4.0000000000000000e+000   1.7672196717102520e+002
  7.9000000000000279e+000   1.7741512051666695e+002  -4.0000000000000000e+000   1.7688910409376558e+002
  8.0000000000000284e+000   1.7758215202300224e+002  -4.0000000000000000e+000   1.7705588833529177e+002
  8.1000000000000281e+000   1.7774883233791590e+002  -4.0000000000000000e+000   1.7722232163233343e+002
  8.2000000000000277e+000   1.7791516325505151e+002  -4.0000000000000000e+000   1.7738840584347076e+002
  8.3000000000000274e+000   1.7808114632640584e+002  -4.0000000000000000e+000   1.7755414252919192e+002
  8.4000000000000270e+000   1.7824678308689579e+002  -4.0000000000000000e+000   1.7771953325002517e+002
  8.5000000000000266e+000   1.7841207502701425e+002  -4.0000000000000000e+000   1.7788457951543984e+002
  8.6000000000000263e+000   1.7857702349375447e+002  -4.0000000000000000e+000   1.7804928254371009e+002
  8.7000000000000259e+000   1.7874162994286138e+002  -4.0000000000000000e+000   1.7821364423055113e+002
  8.8000000000000256e+000   1.7890589649764198e+002  -4.0000000000000000e+000   1.7837766626038425e+002
  8.9000000000000252e+000   1.7906980312752492e+002  -4.0000000000000000e+000   1.7854132887619500e+002
  9.0000000000000249e+000   1.7923336275766653e+002  -4.0000000000000000e+000   1.7870464484653800e+002
  9.1000000000000245e+000   1.7939661383113210e+002  -4.0000000000000000e+000   1.7886765273164019e+002
  9.2000000000000242e+000   1.7955952843152858e+002  -4.0000000000000000e+000   1.7903032457154072e+002
  9.3000000000000238e+000   1.7972210831568896e+002  -4.0000000000000000e+000   1.7919266214355741e+002
  9.4000000000000234e+000   1.7988435387495133e+002  -4.0000000000000000e+000   1.7935466584226165e+002
  9.5000000000000231e+000   1.8004626669836765e+002  -4.0000000000000000e+000   1.7951633726992659e+002
  9.6000000000000227e+000   1.8020784774638631e+002  -4.0000000000000000e+000   1.7967767739235711e+002
  9.7000000000000224e+000   1.8036909807143272e+002  -4.0000000000000000e+000   1.7983868726599178e+002
  9.8000000000000220e+000   1.8053001840821821e+002  -4.0000000000000000e+000   1.7999936762931512e+002
  9.9000000000000217e+000   1.8069060981888063e+002  -4.0000000000000000e+000   1.8015971954865185e+002
  1.0000000000000021e+001   1.8085087323783748e+002  -4.0000000000000000e+000   1.8031974396016420e+002
