  0.0000000000000000e+000   1.5000000000000000e+000  -4.0000000000000000e+000   1.5000000000000000e+000
  1.0000000000000023e-001   5.2688840855944683e+000  -3.9278808741508699e+000   2.2815642625281298e+000
  2.0000000000000046e-001   1.5360670452720028e+001  -3.6118413766955926e+000   6.8659391065189634e+000
  3.0000000000000071e-001   2.5233124157351469e+001  -3.0557716666166543e+000   1.5551204108484853e+001
  4.0000000000000091e-001   3.4785526960281913e+001  -2.2936272091997090e+000   2.5442801142488225e+001
  5.0000000000000111e-001   4.3989966049128078e+001  -1.3452961221124076e+000   3.5415436900296953e+001
  6.0000000000000131e-001   5.2852583677604649e+001  -2.2144803127453239e-001   4.5175464482260573e+001
  7.0000000000000151e-001   6.1378199788815778e+001   1.0704544322580789e+000   5.4640050365048637e+001
  8.0000000000000171e-001   6.9575498077157860e+001   2.5235447790824130e+000   6.3783875011245335e+001
  9.0000000000000191e-001   7.7456884743145807e+001   4.1309298094304729e+000   7.2598699929229312e+001
  1.0000000000000022e+000   8.5037112644187403e+001   5.8856407403310005e+000   8.1081386285513332e+001
  1.1000000000000025e+000   9.2331351198114646e+001   7.6667089486422082e+000   8.9221066711458306e+001
  1.2000000000000028e+000   9.9346198605695491e+001   9.3607490362770189e+000   9.6985416184097403e+001
  1.3000000000000032e+000   1.0604102002156122e+002   5.0734709542172176e+000   1.0398014816732319e+002
  1.4000000000000035e+000   1.1193399121492372e+002  -3.2066270790914908e-001   1.0932674987216325e+002
  1.5000000000000038e+000   1.1695743359533157e+002  -2.5267979759113457e+000   1.1409881134744727e+002
  1.6000000000000041e+000   1.2133726335792115e+002  -3.4160675037191526e+000   1.1852432937470556e+002
  1.7000000000000044e+000   1.2523211708919199e+002  -3.7704526495028050e+000   1.2261445058781760e+002
  1.8000000000000047e+000   1.2873329838344810e+002  -3.9102345653493300e+000   1.2636092635242393e+002
  1.9000000000000050e+000   1.3189285719364491e+002  -3.9651295131692019e+000   1.2976720197288103e+002
  2.0000000000000053e+000   1.3474346811339700e+002  -3.9863955648230935e+000   1.3284665473106199e+002
  2.1000000000000054e+000   1.3730921618549456e+002  -3.9947211908833582e+000   1.3561762757702903e+002
  2.2000000000000055e+000   1.3961057722383893e+002  -3.9979494780477522e+000   1.3810016948908165e+002
  2.3000000000000056e+000   1.4166630588241580e+002  -3.9992008594867019e+000   1.4031442731905582e+002
  2.4000000000000057e+000   1.4349437364249999e+002  -3.9996963583694791e+000   1.4228054829074819e+002
  2.5000000000000058e+000   1.4511184030186320e+002  -3.9998845556468434e+000   1.4401789323968734e+002
  2.6000000000000059e+000   1.4653511003051642e+002  -3.9999555577590051e+000   1.4554497529640821e+002
  2.7000000000000060e+000   1.4777968358095646e+002  -3.9999823613644607e+000   1.4687939093924894e+002
  2.8000000000000060e+000   1.4886015869807071e+002  -3.9999922232369487e+000   1.4803760107117961e+002
  2.9000000000000061e+000   1.4979025591376455e+002  -3.9999960937580532e+000   1.4903501572506860e+002
  3.0000000000000062e+000   1.5058279757677812e+002  -3.9999979728346036e+000   1.4988593048035221e+002
  3.1000000000000063e+000   1.5124972137229472e+002  -3.9999990687282070e+000   1.5060355134229451e+002
  3.2000000000000064e+000   1.5180217342843858e+002  -3.9999996309615873e+000   1.5120011245037574e+002
  3.3000000000000065e+000   1.5225044785919536e+002  -3.9999998618313128e+000   1.5168684861560232e+002
  3.4000000000000066e+000   1.5260418172117906e+002  -3.9999999441626533e+000   1.5207407038438467e+002
  3.5000000000000067e+000   1.5287233948867046e+002  -3.9999999792319909e+000   1.5237146196985651e+002
  3.6000000000000068e+000   1.5306348215193253e+002  -3.9999999932237214e+000   1.5258805547572905e+002
  3.7000000000000068e+000   1.5318573294856415e+002  -3.9999999972742559e+000   1.5273238755811241e+002
  3.8000000000000069e+000   1.5324685511495784e+002  -3.9999999987695962e+000   1.5281258956861294e+002
  3.9000000000000070e+000   1.5325436447587163e+002  -3.9999999997755911e+000   1.5283644258041090e+002
  4.0000000000000071e+000   1.5321577914997087e+002  -4.0000000000000000e+000   1.5281168421396617e+002
  4.1000000000000076e+000   1.5313836940655852e+002  -4.0000000000000000e+000   1.5274579159349702e+002
  4.2000000000000082e+000   1.5302835695707145e+002  -4.0000000000000000e+000   1.5264513395112110e+002
  4.3000000000000087e+000   1.5289241796754138e+002  -4.0000000000000000e+000   1.5251653687339677e+002
  4.4000000000000092e+000   1.5273696205582513e+002  -4.0000000000000000e+000   1.5236653160322422e+002
  4.5000000000000098e+000   1.5256836228670593e+002  -4.0000000000000000e+000   1.5220162076403153e+002
  4.6000000000000103e+000   1.5239249357668322e+002  -4.0000000000000000e+000   1.5202780690551398e+002
  4.7000000000000108e+000   1.5221474284427816e+002  -4.0000000000000000e+000   1.5185060947027551e+002
  4.8000000000000114e+000   1.5204006637040669e+002  -4.0000000000000000e+000   1.5167512318587350e+002
  4.9000000000000119e+000   1.5187276017534475e+002  -4.0000000000000000e+000   1.5150579855317835e+002
  5.0000000000000124e+000   1.5171655210721190e+002  -4.0000000000000000e+000   1.5134652381468615e+002
  5.1000000000000130e+000   1.5157451377407170e+002  -4.0000000000000000e+000   1.5120054372334457e+002
  5.2000000000000135e+000   1.5144893656221998e+002  -4.0000000000000000e+000   1.5107032981102066e+002
  5.3000000000000140e+000   1.5134161907434665e+002  -4.0000000000000000e+000   1.5095786349353239e+002
  5.4000000000000146e+000   1.5125350718680696e+002  -4.0000000000000000e+000   1.5086428083016162e+002
  5.5000000000000151e+000   1.5118494352989401e+002  -4.0000000000000000e+000   1.5079010882980134e+002
  5.6000000000000156e+000   1.5113563017900066e+002  -4.0000000000000000e+000   1.5073521588475836e+002
  5.7000000000000162e+000   1.5110476159570868e+002  -4.0000000000000000e+000   1.5069895108634469e+002
  5.8000000000000167e+000   1.5109110348757326e+002  -4.0000000000000000e+000   1.5068021647136817e+002
  5.9000000000000172e+000   1.5109303429196706e+002  -4.0000000000000000e+000   1.5067750322123302e+002
  6.0000000000000178e+000   1.5110870207108647e+002  -4.0000000000000000e+000   1.5068904166894680e+002
  6.1000000000000183e+000   1.5113609800010659e+002  -4.0000000000000000e+000   1.5071288117535394e+002
  6.2000000000000188e+000   1.5117325071048484e+002  -4.0000000000000000e+000   1.5074708408526755e+002
  6.3000000000000194e+000   1.5121800700294904e+002  -4.0000000000000000e+000   1.5078950905830129e+002
  6.4000000000000199e+000   1.5126832494556172e+002  -4.0000000000000000e+000   1.5083810113820834e+002
  6.5000000000000204e+000   1.5132229333129510e+002  -4.0000000000000000e+000   1.5089091977501826e+002
  6.6000000000000210e+000   1.5137815654827617e+002  -4.0000000000000000e+000   1.5094616551303145e+002
  6.7000000000000215e+000   1.5143435533498692e+002  -4.0000000000000000e+000   1.5100222108843920e+002
  6.8000000000000220e+000   1.5148952308119911e+002  -4.0000000000000000e+000   1.5105765752061754e+002
  6.9000000000000226e+000   1.5154259753334628e+002  -4.0000000000000000e+000   1.5111135110724950e+002
  7.0000000000000231e+000   1.5159261126051013e+002  -4.0000000000000000e+000   1.5116226532388217e+002
  7.1000000000000236e+000   1.5163885699863090e+002  -4.0000000000000000e+000   1.5120962687150390e+002
  7.2000000000000242e+000   1.5168083110415887e+002  -4.0000000000000000e+000   1.5125286963080214e+002
  7.3000000000000247e+000   1.5171819613342660e+002  -4.0000000000000000e+000   1.5129159734851822e+002
  7.4000000000000252e+000   1.5175082382950362e+002  -4.0000000000000000e+000   1.5132562896104000e+002
  7.5000000000000258e+000   1.5177873468094873e+002  -4.0000000000000000e+000   1.5135493912044697e+002
  7.6000000000000263e+000   1.5180206713833383e+002  -4.0000000000000000e+000   1.5137962648450005e+002
  7.7000000000000268e+000   1.5182106891558195e+002  -4.0000000000000000e+000   1.5139990511378338e+002
  7.8000000000000274e+000   1.5183610182805285e+002  -4.0000000000000000e+000   1.5141611103015398e+002
  7.9000000000000279e+000   1.5184756276654619e+002  -4.0000000000000000e+000   1.5142862191240084e+002
  8.0000000000000284e+000   1.5185591523035703e+002  -4.0000000000000000e+000   1.5143788726700322e+002
  8.1000000000000281e+000   1.5186160806751079e+002  -4.0000000000000000e+000   1.5144434991348567e+002
  8.2000000000000277e+000   1.5186514493417735e+002  -4.0000000000000000e+000   1.5144850902590426e+002
  8.3000000000000274e+000   1.5186701884283289e+002  -4.0000000000000000e+000   1.5145085908319888e+002
  8.4000000000000270e+000   1.5186770248200801e+002  -4.0000000000000000e+000   1.5145187806216271e+002
  8.5000000000000266e+000   1.5186763645399921e+002  -4.0000000000000000e+000   1.5145201579460272e+002
  8.6000000000000263e+000   1.5186723162740930e+002  -4.0000000000000000e+000   1.5145169530353255e+002
  8.7000000000000259e+000   1.5186684067307903e+002  -4.0000000000000000e+000   1.5145128452324059e+002
  8.8000000000000256e+000   1.5186674157918253e+002  -4.0000000000000000e+000   1.5145107539132533e+002
  8.9000000000000252e+000   1.5186719197953613e+002  -4.0000000000000000e+000   1.5145134166226680e+002
  9.0000000000000249e+000   1.5186839239118524e+002  -4.0000000000000000e+000   1.5145230032656823e+002
  9.1000000000000245e+000   1.5187046785554580e+002  -4.0000000000000000e+000   1.5145409191348645e+002
  9.2000000000000242e+000   1.5187351978129087e+002  -4.0000000000000000e+000   1.5145683287396966e+002
  9.3000000000000238e+000   1.5187759939899050e+002  -4.0000000000000000e+000   1.5146058849253419e+002
  9.4000000000000234e+000   1.5188270294768043e+002  -4.0000000000000000e+000   1.5146536737826756e+002
  9.5000000000000231e+000   1.5188880466373695e+002  -4.0000000000000000e+000   1.5147115500051694e+002
  9.6000000000000227e+000   1.5189584530014235e+002  -4.0000000000000000e+000   1.5147790164563497e+002
  9.7000000000000224e+000   1.5190373287210312e+002  -4.0000000000000000e+000   1.5148552267810507e+002
  9.8000000000000220e+000   1.5191233488829101e+002  -4.0000000000000000e+000   1.5149389070024745e+002
  9.9000000000000217e+000   1.5192153263401750e+002  -4.0000000000000000e+000   1.5150289050829196e+002
  1.0000000000000000e+001   1.5193121732732936e+002  -4.0000000000000000e+000   1.5151241415758233e+002
