  0.0000000000000000e+000   1.5000000000000000e+000  -4.0000000000000000e+000   1.5000000000000000e+000
  1.0000000000000023e-001   9.4401991854063123e+000  -3.9278808551073028e+000   2.7873960524856072e+000
  2.0000000000000046e-001   2.6298827762262370e+001  -3.6118414174607207e+000   1.0619269698064420e+001
  3.0000000000000071e-001   4.1403076130055815e+001  -3.0557735599648357e+000   2.3423257986361449e+001
  4.0000000000000091e-001   5.5906421033890744e+001  -2.2936231471051682e+000   3.7536596137588042e+001
  5.0000000000000111e-001   6.9647673473668192e+001  -1.3452962313725259e+000   5.1884097151042248e+001
  6.0000000000000131e-001   8.2754086349167352e+001  -2.2145902093235303e-001   6.6098804993856817e+001
  7.0000000000000151e-001   9.5233746432370026e+001   1.0704285092795800e+000   8.0009350440822118e+001
  8.0000000000000171e-001   1.0707648089298215e+002   2.5235198196942630e+000   9.3507132631364627e+001
  9.0000000000000191e-001   1.1824306955896309e+002   4.1308986615863681e+000   1.0650147925489487e+002
  1.0000000000000022e+000   1.2866831621201089e+002   5.8856120619276187e+000   1.1889483940665203e+002
  1.1000000000000025e+000   1.3820242122675955e+002   9.9888912088994619e-001   1.2979796709961366e+002
  1.2000000000000028e+000   1.4644148565590748e+002  -1.8941560943036517e+000   1.3882104095430054e+002
  1.3000000000000032e+000   1.5319676449456938e+002  -3.1318253698366969e+000   1.4665372459158485e+002
  1.4000000000000035e+000   1.5847211909175641e+002  -3.6478107781487612e+000   1.5333162078884808e+002
  1.5000000000000038e+000   1.6238278885722605e+002  -3.8589240331518684e+000   1.5872028649962766e+002
  1.6000000000000041e+000   1.6514406118295463e+002  -3.9439531222787236e+000   1.6274380813217448e+002
  1.7000000000000044e+000   1.6702631392603112e+002  -3.9779497543346767e+000   1.6549777289328944e+002
  1.8000000000000047e+000   1.6828348151968760e+002  -3.9913762270003543e+000   1.6725191709686612e+002
  1.9000000000000050e+000   1.6911714578038371e+002  -3.9966061843594640e+000   1.6833750645467612e+002
  2.0000000000000053e+000   1.6968113487863621e+002  -3.9987145603911252e+000   1.6902664012372244e+002
  2.1000000000000054e+000   1.7008506872922308e+002  -3.9995055196795000e+000   1.6949298537093253e+002
  2.2000000000000055e+000   1.7039915239672393e+002  -3.9998121679103313e+000   1.6983885248629298e+002
  2.3000000000000056e+000   1.7066413225515285e+002  -3.9999291185302672e+000   1.7012009450977087e+002
  2.4000000000000057e+000   1.7090228286506715e+002  -3.9999742218275789e+000   1.7036689314880661e+002
  2.5000000000000058e+000   1.7112437273792401e+002  -3.9999896855448371e+000   1.7059359889934393e+002
  2.6000000000000059e+000   1.7133672243886485e+002  -3.9999949245753297e+000   1.7080861402693191e+002
  2.7000000000000060e+000   1.7154286288895560e+002  -3.9999976854966781e+000   1.7101649751415349e+002
  2.8000000000000060e+000   1.7174427812805419e+002  -3.9999989405587706e+000   1.7121909252560900e+002
  2.9000000000000061e+000   1.7194199078104964e+002  -3.9999995358135019e+000   1.7141765368246271e+002
  3.0000000000000062e+000   1.7213666179995596e+002  -3.9999997926534876e+000   1.7161294462686266e+002
  3.1000000000000063e+000   1.7232875133938899e+002  -3.9999998976742970e+000   1.7180549463523033e+002
  3.2000000000000064e+000   1.7251864353783847e+002  -3.9999999456751469e+000   1.7199572144336395e+002
  3.3000000000000065e+000   1.7270662492841373e+002  -3.9999999704736884e+000   1.7218394164571981e+002
  3.4000000000000066e+000   1.7289293315726715e+002  -3.9999999864337243e+000   1.7237041421320251e+002
  3.5000000000000067e+000   1.7307775171156408e+002  -3.9999999962464443e+000   1.7255533655016410e+002
  3.6000000000000068e+000   1.7326123520801107e+002  -4.0000000000000000e+000   1.7273886980734372e+002
  3.7000000000000068e+000   1.7344350557697740e+002  -4.0000000000000000e+000   1.7292115750199363e+002
  3.8000000000000069e+000   1.7362466953104769e+002  -4.0000000000000000e+000   1.7310229912621108e+002
  3.9000000000000070e+000   1.7380481340119849e+002  -4.0000000000000000e+000   1.7328239100541595e+002
  4.0000000000000071e+000   1.7398402323336168e+002  -4.0000000000000000e+000   1.7346152434120864e+002
  4.1000000000000076e+000   1.7416236798067183e+002  -4.0000000000000000e+000   1.7363977169637189e+002
  4.2000000000000082e+000   1.7433990372943560e+002  -4.0000000000000000e+000   1.7381719185343209e+002
  4.3000000000000087e+000   1.7451668228322708e+002  -4.0000000000000000e+000   1.7399383909118097e+002
  4.4000000000000092e+000   1.7469274840779747e+002  -4.0000000000000000e+000   1.7416976030820683e+002
  4.5000000000000098e+000   1.7486814079030682e+002  -4.0000000000000000e+000   1.7434499608904045e+002
  4.6000000000000103e+000   1.7504289416149379e+002  -4.0000000000000000e+000   1.7451958241523050e+002
  4.7000000000000108e+000   1.7521703822175351e+002  -4.0000000000000000e+000   1.7469355054621732e+002
  4.8000000000000114e+000   1.7539060194172356e+002  -4.0000000000000000e+000   1.7486693063510691e+002
  4.9000000000000119e+000   1.7556360982532163e+002  -4.0000000000000000e+000   1.7503974813968762e+002
  5.0000000000000124e+000   1.7573607989034934e+002  -4.0000000000000000e+000   1.7521202150799613e+002
  5.1000000000000130e+000   1.7590803376211190e+002  -4.0000000000000000e+000   1.7538377338733162e+002
  5.2000000000000135e+000   1.7607948499949541e+002  -4.0000000000000000e+000   1.7555501761874575e+002
  5.3000000000000140e+000   1.7625045142644507e+002  -4.0000000000000000e+000   1.7572577291912859e+002
  5.4000000000000146e+000   1.7642094495106676e+002  -4.0000000000000000e+000   1.7589605162034169e+002
  5.5000000000000151e+000   1.7659098021220041e+002  -4.0000000000000000e+000   1.7606586888723564e+002
  5.6000000000000156e+000   1.7676056781112260e+002  -4.0000000000000000e+000   1.7623523567684398e+002
  5.7000000000000162e+000   1.7692971831997463e+002  -4.0000000000000000e+000   1.7640416287586100e+002
  5.8000000000000167e+000   1.7709844141048498e+002  -4.0000000000000000e+000   1.7657266046106679e+002
  5.9000000000000172e+000   1.7726674665450292e+002  -4.0000000000000000e+000   1.7674073830611761e+002
  6.0000000000000178e+000   1.7743464104486182e+002  -4.0000000000000000e+000   1.7690840362498045e+002
  6.1000000000000183e+000   1.7760213109834262e+002  -4.0000000000000000e+000   1.7707566313067690e+002
  6.2000000000000188e+000   1.7776922343317116e+002  -4.0000000000000000e+000   1.7724252363893993e+002
  6.3000000000000194e+000   1.7793592433832237e+002  -4.0000000000000000e+000   1.7740899162236209e+002
  6.4000000000000199e+000   1.7810223945069987e+002  -4.0000000000000000e+000   1.7757507287892983e+002
  6.5000000000000204e+000   1.7826817378236711e+002  -4.0000000000000000e+000   1.7774077255971358e+002
  6.6000000000000210e+000   1.7843373189572580e+002  -4.0000000000000000e+000   1.7790609541072530e+002
  6.7000000000000215e+000   1.7859891836788279e+002  -4.0000000000000000e+000   1.7807104594997813e+002
  6.8000000000000220e+000   1.7876373682844525e+002  -4.0000000000000000e+000   1.7823562807939257e+002
  6.9000000000000226e+000   1.7892819090457934e+002  -4.0000000000000000e+000   1.7839984545853054e+002
  7.0000000000000231e+000   1.7909228375353570e+002  -4.0000000000000000e+000   1.7856370132019535e+002
  7.1000000000000236e+000   1.7925601865221108e+002  -4.0000000000000000e+000   1.7872719902054052e+002
  7.2000000000000242e+000   1.7941939866733398e+002  -4.0000000000000000e+000   1.7889034169646337e+002
  7.3000000000000247e+000   1.7958242663823432e+002  -4.0000000000000000e+000   1.7905313225118832e+002
  7.4000000000000252e+000   1.7974510511034472e+002  -4.0000000000000000e+000   1.7921557328484781e+002
  7.5000000000000258e+000   1.7990743646803091e+002  -4.0000000000000000e+000   1.7937766721682215e+002
  7.6000000000000263e+000   1.8006937476061250e+002  -4.0000000000000000e+000   1.7953936818894039e+002
  7.7000000000000268e+000   1.8023101902080523e+002  -4.0000000000000000e+000   1.7970077523665546e+002
  7.8000000000000274e+000   1.8039232338097543e+002  -4.0000000000000000e+000   1.7986184255412186e+002
  7.9000000000000279e+000   1.8055328836039357e+002  -4.0000000000000000e+000   1.8002257065411411e+002
  8.0000000000000284e+000   1.8071391603421509e+002  -4.0000000000000000e+000   1.8018296166076348e+002
  8.1000000000000281e+000   1.8087420834554015e+002  -4.0000000000000000e+000   1.8034301754424789e+002
  8.2000000000000277e+000   1.8103416688555575e+002  -4.0000000000000000e+000   1.8050273991972401e+002
  8.3000000000000274e+000   1.8119379298765764e+002  -4.0000000000000000e+000   1.8066213014093987e+002
  8.4000000000000270e+000   1.8135308813600597e+002  -4.0000000000000000e+000   1.8082118971158187e+002
  8.5000000000000266e+000   1.8151205399258802e+002  -4.0000000000000000e+000   1.8097992031736061e+002
  8.6000000000000263e+000   1.8167069193027015e+002  -4.0000000000000000e+000   1.8113832334754088e+002
  8.7000000000000259e+000   1.8182900321469205e+002  -4.0000000000000000e+000   1.8129640008153473e+002
  8.8000000000000256e+000   1.8198698920265466e+002  -4.0000000000000000e+000   1.8145415189218218e+002
  8.9000000000000252e+000   1.8214465103437666e+002  -4.0000000000000000e+000   1.8161157993030713e+002
  9.0000000000000249e+000   1.8230198994134017e+002  -4.0000000000000000e+000   1.8176868544005194e+002
  9.1000000000000245e+000   1.8245898429958601e+002  -4.0000000000000000e+000   1.8192544682669870e+002
  9.2000000000000242e+000   1.8261568082683135e+002  -4.0000000000000000e+000   1.8208191077735336e+002
  9.3000000000000238e+000   1.8277205768018842e+002  -4.0000000000000000e+000   1.8223805547955857e+002
  9.4000000000000234e+000   1.8292811587328549e+002  -4.0000000000000000e+000   1.8239388194877824e+002
  9.5000000000000231e+000   1.8308385624994366e+002  -4.0000000000000000e+000   1.8254939103283269e+002
  9.6000000000000227e+000   1.8323927983887219e+002  -4.0000000000000000e+000   1.8270458375667346e+002
  9.7000000000000224e+000   1.8339438752366152e+002  -4.0000000000000000e+000   1.8285946102539432e+002
  9.8000000000000220e+000   1.8354918045668632e+002  -4.0000000000000000e+000   1.8301402398888609e+002
  9.9000000000000217e+000   1.8370365957387105e+002  -4.0000000000000000e+000   1.8316827358803039e+002
  1.0000000000000021e+001   1.8385782568682112e+002  -4.0000000000000000e+000   1.8332221063977204e+002
