  0.0000000000000000e+000   1.5000000000000000e+000  -4.0000000000000000e+000   1.5000000000000000e+000
  1.0000000000000023e-001   9.4401991854063123e+000  -3.9278808551073028e+000   2.7873960524856072e+000
  2.0000000000000046e-001   2.6298827762262370e+001  -3.6118414174607207e+000   1.0619269698064420e+001
  3.0000000000000071e-001   4.1403076130055815e+001  -3.0557735599648357e+000   2.3423257986361449e+001
  4.0000000000000091e-001   5.5906421033890744e+001  -2.2936231471051682e+000   3.7536596137588042e+001
  5.0000000000000111e-001   6.9647673473668192e+001  -1.3452962313725259e+000   5.1884097151042248e+001
  6.0000000000000131e-001   8.2754086349167352e+001  -2.2145902093235303e-001   6.6098804993856817e+001
  7.0000000000000151e-001   9.5221770813768401e+001  -1.5072230203764381e+000   7.9753724225458299e+001
  8.0000000000000171e-001   1.0693636548977733e+002  -2.8208667498744648e+000   9.2372969731414443e+001
  9.0000000000000191e-001   1.1778183891419273e+002  -3.4595504387679714e+000   1.0420668510766743e+002
  1.0000000000000022e+000   1.2767380746392806e+002  -3.7582791413380359e+000   1.1530488714419994e+002
  1.1000000000000025e+000   1.3651844279761872e+002  -3.8948704038858253e+000   1.2559844865701540e+002
  1.2000000000000028e+000   1.4420510940930339e+002  -3.9558212311590220e+000   1.3495690064480559e+002
  1.3000000000000032e+000   1.5062694862736069e+002  -3.9818167253459400e+000   1.4321425885104154e+002
  1.4000000000000035e+000   1.5572640269599924e+002  -3.9926547235696810e+000   1.5019284753516652e+002
  1.5000000000000038e+000   1.5954918124976484e+002  -3.9970661508529015e+000   1.5574762040454920e+002
  1.6000000000000041e+000   1.6226520420046833e+002  -3.9988338307951525e+000   1.5983976212272503e+002
  1.7000000000000044e+000   1.6412160213926265e+002  -3.9995437688995858e+000   1.6260496722757816e+002
  1.8000000000000047e+000   1.6536205004336915e+002  -3.9998219819321315e+000   1.6434740701838626e+002
  1.9000000000000050e+000   1.6618464044427526e+002  -3.9999315954916450e+000   1.6541894489751638e+002
  2.0000000000000053e+000   1.6674181742466712e+002  -3.9999737478006341e+000   1.6609779590239839e+002
  2.1000000000000054e+000   1.6714317432611918e+002  -3.9999901106626452e+000   1.6655926036454687e+002
  2.2000000000000055e+000   1.6745796093587191e+002  -3.9999961723306141e+000   1.6690423593278416e+002
  2.3000000000000056e+000   1.6772565487350974e+002  -3.9999985453498277e+000   1.6718739381829946e+002
  2.4000000000000057e+000   1.6796746487590133e+002  -3.9999994346490615e+000   1.6743721067954016e+002
  2.5000000000000058e+000   1.6819446411087020e+002  -3.9999997695628435e+000   1.6766858194362013e+002
  2.6000000000000059e+000   1.6841226770758118e+002  -3.9999998960426928e+000   1.6788894427165735e+002
  2.7000000000000060e+000   1.6862389927779284e+002  -3.9999999509198143e+000   1.6810221146927171e+002
  2.8000000000000060e+000   1.6883099125593867e+002  -3.9999999797561081e+000   1.6831043421845774e+002
  2.9000000000000061e+000   1.6903451760149059e+002  -3.9999999982581196e+000   1.6851478766490561e+002
  3.0000000000000062e+000   1.6923494262510778e+002  -4.0000000000000000e+000   1.6871578722989116e+002
  3.1000000000000063e+000   1.6943283825898899e+002  -4.0000000000000000e+000   1.6891410172884048e+002
  3.2000000000000064e+000   1.6962853776634441e+002  -4.0000000000000000e+000   1.6911010199106099e+002
  3.3000000000000065e+000   1.6982233751056731e+002  -4.0000000000000000e+000   1.6930411247357881e+002
  3.4000000000000066e+000   1.7001447656888399e+002  -4.0000000000000000e+000   1.6949639260626802e+002
  3.5000000000000067e+000   1.7020512943100621e+002  -4.0000000000000000e+000   1.6968712868527081e+002
  3.6000000000000068e+000   1.7039444553428936e+002  -4.0000000000000000e+000   1.6987647992223003e+002
  3.7000000000000068e+000   1.7058254992374000e+002  -4.0000000000000000e+000   1.7006457943340101e+002
  3.8000000000000069e+000   1.7076955016125825e+002  -4.0000000000000000e+000   1.7025154131465544e+002
  3.9000000000000070e+000   1.7095553363526062e+002  -4.0000000000000000e+000   1.7043745809554179e+002
  4.0000000000000071e+000   1.7114058344353305e+002  -4.0000000000000000e+000   1.7062241760210671e+002
  4.1000000000000076e+000   1.7132476550484327e+002  -4.0000000000000000e+000   1.7080648914091046e+002
  4.2000000000000082e+000   1.7150813145371501e+002  -4.0000000000000000e+000   1.7098972663677927e+002
  4.3000000000000087e+000   1.7169072561447848e+002  -4.0000000000000000e+000   1.7117217601362725e+002
  4.4000000000000092e+000   1.7187259885555844e+002  -4.0000000000000000e+000   1.7135389150147461e+002
  4.5000000000000098e+000   1.7205378845838621e+002  -4.0000000000000000e+000   1.7153491206272653e+002
  4.6000000000000103e+000   1.7223432937024512e+002  -4.0000000000000000e+000   1.7171527388488082e+002
  4.7000000000000108e+000   1.7241424872793630e+002  -4.0000000000000000e+000   1.7189500563037299e+002
  4.8000000000000114e+000   1.7259357507726199e+002  -4.0000000000000000e+000   1.7207413664700917e+002
  4.9000000000000119e+000   1.7277233255118429e+002  -4.0000000000000000e+000   1.7225269206186746e+002
  5.0000000000000124e+000   1.7295054227980356e+002  -4.0000000000000000e+000   1.7243069386923827e+002
  5.1000000000000130e+000   1.7312822325076715e+002  -4.0000000000000000e+000   1.7260816175988791e+002
  5.2000000000000135e+000   1.7330539239900793e+002  -4.0000000000000000e+000   1.7278511329106885e+002
  5.3000000000000140e+000   1.7348206407664460e+002  -4.0000000000000000e+000   1.7296156331662061e+002
  5.4000000000000146e+000   1.7365825144034798e+002  -4.0000000000000000e+000   1.7313752546204176e+002
  5.5000000000000151e+000   1.7383396785690547e+002  -4.0000000000000000e+000   1.7331301356224753e+002
  5.6000000000000156e+000   1.7400922475214401e+002  -4.0000000000000000e+000   1.7348803942740972e+002
  5.7000000000000162e+000   1.7418403236196016e+002  -4.0000000000000000e+000   1.7366261362486401e+002
  5.8000000000000167e+000   1.7435840001332178e+002  -4.0000000000000000e+000   1.7383674577116349e+002
  5.9000000000000172e+000   1.7453233632017813e+002  -4.0000000000000000e+000   1.7401044476341883e+002
  6.0000000000000178e+000   1.7470584874392816e+002  -4.0000000000000000e+000   1.7418371827384473e+002
  6.1000000000000183e+000   1.7487894404076746e+002  -4.0000000000000000e+000   1.7435657326647430e+002
  6.2000000000000188e+000   1.7505162815757214e+002  -4.0000000000000000e+000   1.7452901586447564e+002
  6.3000000000000194e+000   1.7522390724272651e+002  -4.0000000000000000e+000   1.7470105239257964e+002
  6.4000000000000199e+000   1.7539578714527286e+002  -4.0000000000000000e+000   1.7487268886449917e+002
  6.5000000000000204e+000   1.7556727300692938e+002  -4.0000000000000000e+000   1.7504393056184128e+002
  6.6000000000000210e+000   1.7573836940535406e+002  -4.0000000000000000e+000   1.7521478218336608e+002
  6.7000000000000215e+000   1.7590908059572345e+002  -4.0000000000000000e+000   1.7538524809470346e+002
  6.8000000000000220e+000   1.7607941076568625e+002  -4.0000000000000000e+000   1.7555533259151275e+002
  6.9000000000000226e+000   1.7624936334509809e+002  -4.0000000000000000e+000   1.7572503920713623e+002
  7.0000000000000231e+000   1.7641894135292421e+002  -4.0000000000000000e+000   1.7589437095416866e+002
  7.1000000000000236e+000   1.7658814796953141e+002  -4.0000000000000000e+000   1.7606333117565998e+002
  7.2000000000000242e+000   1.7675698642562799e+002  -4.0000000000000000e+000   1.7623192312567147e+002
  7.3000000000000247e+000   1.7692545944510903e+002  -4.0000000000000000e+000   1.7640014960985980e+002
  7.4000000000000252e+000   1.7709356967847503e+002  -4.0000000000000000e+000   1.7656801332583626e+002
  7.5000000000000258e+000   1.7726131950566665e+002  -4.0000000000000000e+000   1.7673551670079223e+002
  7.6000000000000263e+000   1.7742871119742500e+002  -4.0000000000000000e+000   1.7690266204945280e+002
  7.7000000000000268e+000   1.7759574705862099e+002  -4.0000000000000000e+000   1.7706945172153146e+002
  7.8000000000000274e+000   1.7776242915533336e+002  -4.0000000000000000e+000   1.7723588782017995e+002
  7.9000000000000279e+000   1.7792875944823390e+002  -4.0000000000000000e+000   1.7740197232188464e+002
  8.0000000000000284e+000   1.7809473912549350e+002  -4.0000000000000000e+000   1.7756770647655111e+002
  8.1000000000000281e+000   1.7826037128172879e+002  -4.0000000000000000e+000   1.7773309338404226e+002
  8.2000000000000277e+000   1.7842565576060284e+002  -4.0000000000000000e+000   1.7789813289319525e+002
  8.3000000000000274e+000   1.7859059496234445e+002  -4.0000000000000000e+000   1.7806282744700763e+002
  8.4000000000000270e+000   1.7875519041887847e+002  -4.0000000000000000e+000   1.7822717859348816e+002
  8.5000000000000266e+000   1.7891944356933064e+002  -4.0000000000000000e+000   1.7839118778876184e+002
  8.6000000000000263e+000   1.7908335557476380e+002  -4.0000000000000000e+000   1.7855485620861694e+002
  8.7000000000000259e+000   1.7924692781507756e+002  -4.0000000000000000e+000   1.7871818524720968e+002
  8.8000000000000256e+000   1.7941016170375019e+002  -4.0000000000000000e+000   1.7888117633288275e+002
  8.9000000000000252e+000   1.7957305862860852e+002  -4.0000000000000000e+000   1.7904383086806084e+002
  9.0000000000000249e+000   1.7973561963440801e+002  -4.0000000000000000e+000   1.7920614990384132e+002
  9.1000000000000245e+000   1.7989784606780634e+002  -4.0000000000000000e+000   1.7936813480042179e+002
  9.2000000000000242e+000   1.8005973899501720e+002  -4.0000000000000000e+000   1.7952978663102095e+002
  9.3000000000000238e+000   1.8022129954498809e+002  -4.0000000000000000e+000   1.7969110653303591e+002
  9.4000000000000234e+000   1.8038252881119897e+002  -4.0000000000000000e+000   1.7985209560855887e+002
  9.5000000000000231e+000   1.8054342782106906e+002  -4.0000000000000000e+000   1.8001275488512459e+002
  9.6000000000000227e+000   1.8070399781093951e+002  -4.0000000000000000e+000   1.8017308560926830e+002
  9.7000000000000224e+000   1.8086423979757043e+002  -4.0000000000000000e+000   1.8033308880059317e+002
  9.8000000000000220e+000   1.8102415389356943e+002  -4.0000000000000000e+000   1.8049276457434812e+002
  9.9000000000000217e+000   1.8118374253416513e+002  -4.0000000000000000e+000   1.8065211537202455e+002
  1.0000000000000000e+001   1.8134300490977523e+002  -4.0000000000000000e+000   1.8081114038223424e+002
