  0.0000000000000000e+000   1.5000000000000000e+000  -4.0000000000000000e+000   1.5000000000000000e+000
  1.0000000000000023e-001   3.2180872396682592e+000  -3.9278808917270127e+000   1.9600815402925871e+000
  2.0000000000000046e-001   8.4702802431752762e+000  -3.6118413633766204e+000   4.4067980603526786e+000
  3.0000000000000071e-001   1.4598067558497672e+001  -3.0557769517952873e+000   9.6619460554501373e+000
  4.0000000000000091e-001   2.0715754569470160e+001  -2.2936224139807795e+000   1.6194883361683669e+001
  5.0000000000000111e-001   2.6724531280523731e+001  -1.3452959501525639e+000   2.2844222714025424e+001
  6.0000000000000131e-001   3.2544494114562823e+001  -2.2145911334479074e-001   2.9297361926122996e+001
  7.0000000000000151e-001   3.8130810374583611e+001   1.0704261921821177e+000   3.5486295303749166e+001
  8.0000000000000171e-001   4.3467626025681483e+001   2.5235002289501773e+000   4.1393700702918935e+001
  9.0000000000000191e-001   4.8554692114729129e+001   4.1309206660129423e+000   4.7010894821862259e+001
  1.0000000000000022e+000   5.3399134851719097e+001   5.8856239543124449e+000   5.2329868330023416e+001
  1.1000000000000025e+000   5.8008079192439958e+001   7.6666804857060828e+000   5.7333591215462043e+001
  1.2000000000000028e+000   6.2373043706325099e+001   9.3607318604528533e+000   6.1991576806553866e+001
  1.3000000000000032e+000   6.6469289357743293e+001   1.0972112918173838e+001   6.6292392457353529e+001
  1.4000000000000035e+000   7.0266378509670929e+001   1.2504881079833805e+001   7.0231327672462740e+001
  1.5000000000000038e+000   7.3731869603856566e+001   1.3962883411725947e+001   7.3800900890848112e+001
  1.6000000000000041e+000   7.6819795305423028e+001   1.5349778336946539e+001   7.7010440629556101e+001
  1.7000000000000044e+000   7.9485991921413358e+001   1.6669033417808262e+001   7.9848987667912112e+001
  1.8000000000000047e+000   8.1679392741841284e+001   1.7923947510682929e+001   8.2289290052008184e+001
  1.9000000000000050e+000   8.3340988157231479e+001   1.9117658845380948e+001   8.4294673950038344e+001
  2.0000000000000053e+000   8.4520594942058423e+001   2.0253152106381709e+001   8.5877935353795706e+001
  2.1000000000000054e+000   8.5227392669798576e+001   2.1333266596411729e+001   8.7061894877939721e+001
  2.2000000000000055e+000   8.5565544118122062e+001   2.2360703306510551e+001   8.7883113932755379e+001
  2.3000000000000056e+000   8.5700209838674795e+001   2.3338031719063050e+001   8.8441631996792040e+001
  2.4000000000000057e+000   8.5765327137762341e+001   2.4267694574356298e+001   8.8851094134681077e+001
  2.5000000000000058e+000   8.5837613434026935e+001   2.5152017237009002e+001   8.9201307377369687e+001
  2.6000000000000059e+000   8.5949007093288117e+001   2.5993211306080042e+001   8.9547855408971856e+001
  2.7000000000000060e+000   8.6106308333912878e+001   2.6793379880076554e+001   8.9917662774734367e+001
  2.8000000000000060e+000   8.6305217231191207e+001   2.7554523737160302e+001   9.0319487795015647e+001
  2.9000000000000061e+000   8.6537538221711017e+001   2.8278546155853533e+001   9.0752183628071023e+001
  3.0000000000000062e+000   8.6794736777911055e+001   2.8967257577478364e+001   9.1210228016760411e+001
  3.1000000000000063e+000   8.7069306990620518e+001   2.9622380160770177e+001   9.1686805483490645e+001
  3.2000000000000064e+000   8.7355207476512163e+001   3.0245552028960674e+001   9.2175339507508482e+001
  3.3000000000000065e+000   8.7647857306776629e+001   3.0838331443431755e+001   9.2670266511091697e+001
  3.4000000000000066e+000   8.7943825860107893e+001   3.1402200670285580e+001   9.3167102652917393e+001
  3.5000000000000067e+000   8.8240582190536557e+001   3.1938569660776622e+001   9.3662328486709299e+001
  3.6000000000000068e+000   8.8536284031813409e+001   3.2448779604033554e+001   9.4153288740756338e+001
  3.7000000000000068e+000   8.8829565964680626e+001   3.2934106290438301e+001   9.4638004157052350e+001
  3.8000000000000069e+000   8.9119398143546661e+001   3.3395763294180298e+001   9.5114997832469896e+001
  3.9000000000000070e+000   8.9404975497214025e+001   3.3834905071088286e+001   9.5583141717716430e+001
  4.0000000000000071e+000   8.9685699275922687e+001   3.4252633026980760e+001   9.6041564678674533e+001
  4.1000000000000076e+000   9.0124910350863175e+001   3.4649981643246981e+001   9.6506435849460928e+001
  4.2000000000000082e+000   9.1174706042515808e+001   3.5027954498635744e+001   9.7223277395719791e+001
  4.3000000000000087e+000   9.2238026362472382e+001   3.5387493400342741e+001   9.8200362285567621e+001
  4.4000000000000092e+000   9.3199792664568847e+001   3.5729497382899005e+001   9.9259921059348727e+001
  4.5000000000000098e+000   9.4077276840886555e+001   3.6054821634401989e+001   1.0030638734147843e+002
  4.6000000000000103e+000   9.4892235167420296e+001   3.6361618809203563e+001   1.0130729382116454e+002
  4.7000000000000108e+000   9.5539451193840165e+001   3.2318222084600137e+001   1.0132262361474197e+002
  4.8000000000000114e+000   9.5921228641647815e+001   3.0705378069439348e+001   1.0134496537277813e+002
  4.9000000000000119e+000   9.6141492816391676e+001   2.9974115291520953e+001   1.0135527373860022e+002
  5.0000000000000124e+000   9.6267421204019769e+001   2.9604412452012589e+001   1.0135917531858991e+002
  5.1000000000000130e+000   9.6339084099491089e+001   2.9402372698029268e+001   1.0136043754674000e+002
  5.2000000000000135e+000   9.6379714891087445e+001   2.9288811531875552e+001   1.0136055075227544e+002
  5.3000000000000140e+000   9.6402648138229509e+001   2.9222473122290481e+001   1.0136032821241865e+002
  5.4000000000000146e+000   9.6415515141670326e+001   2.9183288226524077e+001   1.0135985117395620e+002
  5.5000000000000151e+000   9.6422673234654908e+001   2.9161206841881345e+001   1.0135927506745600e+002
  5.6000000000000156e+000   9.6426480274263042e+001   2.9148091516974795e+001   1.0135858189620954e+002
  5.7000000000000162e+000   9.6428357200054066e+001   2.9140297635727300e+001   1.0135781289887088e+002
  5.8000000000000167e+000   9.6429085919012763e+001   2.9135653806942486e+001   1.0135697865029285e+002
  5.9000000000000172e+000   9.6429232068676768e+001   2.9132508000776888e+001   1.0135608677339042e+002
  6.0000000000000178e+000   9.6429023007174337e+001   2.9130239791468000e+001   1.0135514375815417e+002
  6.1000000000000183e+000   9.6428590887960695e+001   2.9128492703022076e+001   1.0135415329516827e+002
  6.2000000000000188e+000   9.6428019179521200e+001   2.9127017202558186e+001   1.0135312010423237e+002
  6.3000000000000194e+000   9.6427350866771008e+001   2.9125708310916423e+001   1.0135204471361513e+002
  6.4000000000000199e+000   9.6426614334871104e+001   2.9124504953801448e+001   1.0135093291556255e+002
  6.5000000000000204e+000   9.6425826960455694e+001   2.9123353257618824e+001   1.0134978565674534e+002
  6.6000000000000210e+000   9.6425004084885330e+001   2.9122205311902491e+001   1.0134860505309554e+002
  6.7000000000000215e+000   9.6424147595280360e+001   2.9121077693997790e+001   1.0134739343726640e+002
  6.8000000000000220e+000   9.6423263779058104e+001   2.9119951075277640e+001   1.0134615282691168e+002
  6.9000000000000226e+000   9.6422354052942268e+001   2.9118824821167344e+001   1.0134488509963209e+002
  7.0000000000000231e+000   9.6421419006195379e+001   2.9117713012951391e+001   1.0134359151044836e+002
  7.1000000000000236e+000   9.6420462871028377e+001   2.9116585312225133e+001   1.0134227415587581e+002
  7.2000000000000242e+000   9.6419487157424371e+001   2.9115446432115817e+001   1.0134093438452069e+002
  7.3000000000000247e+000   9.6418492146174827e+001   2.9114322638769664e+001   1.0133957309550641e+002
  7.4000000000000252e+000   9.6417480620013748e+001   2.9113182398852743e+001   1.0133819210285046e+002
  7.5000000000000258e+000   9.6416452868843933e+001   2.9112043655321720e+001   1.0133679239589374e+002
  7.6000000000000263e+000   9.6415409891855518e+001   2.9110905749427850e+001   1.0133537518471400e+002
  7.7000000000000268e+000   9.6414353031066923e+001   2.9109759555832547e+001   1.0133394168297669e+002
  7.8000000000000274e+000   9.6413283019809455e+001   2.9108608503183028e+001   1.0133249282103370e+002
  7.9000000000000279e+000   9.6412200522264044e+001   2.9107455668777426e+001   1.0133102948227082e+002
  8.0000000000000284e+000   9.6411106510210089e+001   2.9106293944192814e+001   1.0132955271681607e+002
  8.1000000000000281e+000   9.6410001516573175e+001   2.9105132090144735e+001   1.0132806315944225e+002
  8.2000000000000277e+000   9.6408886410005124e+001   2.9103960305757710e+001   1.0132656184174154e+002
  8.3000000000000274e+000   9.6407761737429368e+001   2.9102779817359234e+001   1.0132504950276100e+002
  8.4000000000000270e+000   9.6406628124402090e+001   2.9101593588273893e+001   1.0132352680050499e+002
  8.5000000000000266e+000   9.6405486558518746e+001   2.9100404374561670e+001   1.0132199434385701e+002
  8.6000000000000263e+000   9.6404337120064440e+001   2.9099224276673176e+001   1.0132045254960467e+002
  8.7000000000000259e+000   9.6403180086838589e+001   2.9098066831483237e+001   1.0131890176688324e+002
  8.8000000000000256e+000   9.6402015965487479e+001   2.9096918863300033e+001   1.0131734284475594e+002
  8.9000000000000252e+000   9.6400845775666355e+001   2.9095714292636814e+001   1.0131577764510071e+002
  9.0000000000000249e+000   9.6399669447561124e+001   2.9094481004777720e+001   1.0131420615028370e+002
  9.1000000000000245e+000   9.6398487257081499e+001   2.9093209723189588e+001   1.0131262905355135e+002
  9.2000000000000242e+000   9.6397299561944564e+001   2.9091940164464724e+001   1.0131104573229061e+002
  9.3000000000000238e+000   9.6396106867860766e+001   2.9090785985476238e+001   1.0130945359555533e+002
  9.4000000000000234e+000   9.6394909289816482e+001   2.9089732971958917e+001   1.0130785339485513e+002
  9.5000000000000231e+000   9.6393707050645048e+001   2.9088825901962515e+001   1.0130624430913755e+002
  9.6000000000000227e+000   9.6392500674441891e+001   2.9087891106039926e+001   1.0130463817542417e+002
  9.7000000000000224e+000   9.6391292114901802e+001   2.9086232769968277e+001   1.0130303902891025e+002
  9.8000000000000220e+000   9.6390078938485715e+001   2.9085214329096566e+001   1.0130141807178832e+002
  9.9000000000000217e+000   9.6388862957779750e+001   2.9084080182022333e+001   1.0129980394585543e+002
  1.0000000000000000e+001   9.6387644566921878e+001   2.9082833419959805e+001   1.0129818528689216e+002
