  0.0000000000000000e+000   1.5000000000000000e+000  -4.0000000000000000e+000   1.5000000000000000e+000
  1.0000000000000023e-001   9.4401991854063123e+000  -3.9278808551073028e+000   2.7873960524856072e+000
  2.0000000000000046e-001   2.6298827762262370e+001  -3.6118414174607207e+000   1.0619269698064420e+001
  3.0000000000000071e-001   4.1403076130055815e+001  -3.0557735599648357e+000   2.3423257986361449e+001
  4.0000000000000091e-001   5.5906421033890744e+001  -2.2936231471051682e+000   3.7536596137588042e+001
  5.0000000000000111e-001   6.9647673473668192e+001  -1.3452962313725259e+000   5.1884097151042248e+001
  6.0000000000000131e-001   8.2754086349167352e+001  -2.2145902093235303e-001   6.6098804993856817e+001
  7.0000000000000151e-001   9.5233746432370026e+001   1.0704285092795800e+000   8.0009350440822118e+001
  8.0000000000000171e-001   1.0707648089298215e+002   2.5235198196942630e+000   9.3507132631364627e+001
  9.0000000000000191e-001   1.1824306955896309e+002   4.1308986615863681e+000   1.0650147925489487e+002
  1.0000000000000022e+000   1.2866831621201089e+002   5.8856120619276187e+000   1.1889483940665203e+002
  1.1000000000000025e+000   1.3826367757066058e+002   7.6666826718074894e+000   1.3055664203006353e+002
  1.2000000000000028e+000   1.4692528126881723e+002   9.0002367883204162e+000   1.4129518809268768e+002
  1.3000000000000032e+000   1.5438529362070139e+002   1.3592673507801099e+000   1.4966877812055176e+002
  1.4000000000000035e+000   1.6017911550333426e+002  -1.8267980466025886e+000   1.5605261736390494e+002
  1.5000000000000038e+000   1.6436909078737892e+002  -3.1298360004796404e+000   1.6114360612665200e+002
  1.6000000000000041e+000   1.6725581744577190e+002  -3.6550451117771852e+000   1.6500161376558182e+002
  1.7000000000000044e+000   1.6918556770564297e+002  -3.8643697977797502e+000   1.6769102767454032e+002
  1.8000000000000047e+000   1.7045869728915125e+002  -3.9470413021774009e+000   1.6942912462891013e+002
  1.9000000000000050e+000   1.7129805229291287e+002  -3.9793776742257623e+000   1.7051396979371401e+002
  2.0000000000000053e+000   1.7186394946991030e+002  -3.9921427272052403e+000   1.7120411003444579e+002
  2.1000000000000054e+000   1.7226747505932997e+002  -3.9969896592040959e+000   1.7167061071790059e+002
  2.2000000000000055e+000   1.7257961706005165e+002  -3.9988567115806601e+000   1.7201497904283485e+002
  2.3000000000000056e+000   1.7284163726009024e+002  -3.9995658185786249e+000   1.7229365287933226e+002
  2.4000000000000057e+000   1.7307597668610896e+002  -3.9998367089392777e+000   1.7253679214228467e+002
  2.5000000000000058e+000   1.7329429981462485e+002  -3.9999367642427153e+000   1.7275993436928616e+002
  2.6000000000000059e+000   1.7350278977631402e+002  -3.9999729579588479e+000   1.7297124200891614e+002
  2.7000000000000060e+000   1.7370464408671853e+002  -3.9999861292180769e+000   1.7317486818733337e+002
  2.8000000000000060e+000   1.7390172710280706e+002  -3.9999922849646929e+000   1.7337316169754959e+002
  2.9000000000000061e+000   1.7409510317545343e+002  -3.9999958475530137e+000   1.7356740595808338e+002
  3.0000000000000062e+000   1.7428547902250270e+002  -3.9999982412958905e+000   1.7375843236513001e+002
  3.1000000000000063e+000   1.7447330619488477e+002  -3.9999996715451434e+000   1.7394674995160074e+002
  3.2000000000000064e+000   1.7465890790736321e+002  -4.0000000000000000e+000   1.7413270598165047e+002
  3.3000000000000065e+000   1.7484257384105638e+002  -4.0000000000000000e+000   1.7431662251878069e+002
  3.4000000000000066e+000   1.7502455879552505e+002  -4.0000000000000000e+000   1.7449878297031972e+002
  3.5000000000000067e+000   1.7520505159060883e+002  -4.0000000000000000e+000   1.7467939064331031e+002
  3.6000000000000068e+000   1.7538420921064184e+002  -4.0000000000000000e+000   1.7485861351840964e+002
  3.7000000000000068e+000   1.7556215740475383e+002  -4.0000000000000000e+000   1.7503658490564592e+002
  3.8000000000000069e+000   1.7573899996757126e+002  -4.0000000000000000e+000   1.7521341548436925e+002
  3.9000000000000070e+000   1.7591483433738696e+002  -4.0000000000000000e+000   1.7538920844846629e+002
  4.0000000000000071e+000   1.7608974018065322e+002  -4.0000000000000000e+000   1.7556404790888672e+002
  4.1000000000000076e+000   1.7626378478291963e+002  -4.0000000000000000e+000   1.7573800466387209e+002
  4.2000000000000082e+000   1.7643702714079456e+002  -4.0000000000000000e+000   1.7591114071316548e+002
  4.3000000000000087e+000   1.7660951932044480e+002  -4.0000000000000000e+000   1.7608351068583465e+002
  4.4000000000000092e+000   1.7678130771349757e+002  -4.0000000000000000e+000   1.7625516315873972e+002
  4.5000000000000098e+000   1.7695243182237959e+002  -4.0000000000000000e+000   1.7642613949802217e+002
  4.6000000000000103e+000   1.7712292299090066e+002  -4.0000000000000000e+000   1.7659647224877807e+002
  4.7000000000000108e+000   1.7729281150012065e+002  -4.0000000000000000e+000   1.7676619306325759e+002
  4.8000000000000114e+000   1.7746212612344473e+002  -4.0000000000000000e+000   1.7693533197072995e+002
  4.9000000000000119e+000   1.7763089186411923e+002  -4.0000000000000000e+000   1.7710391500325383e+002
  5.0000000000000124e+000   1.7779912988603454e+002  -4.0000000000000000e+000   1.7727196413537425e+002
  5.1000000000000130e+000   1.7796686023214613e+002  -4.0000000000000000e+000   1.7743950011824583e+002
  5.2000000000000135e+000   1.7813410178347692e+002  -4.0000000000000000e+000   1.7760654263092329e+002
  5.3000000000000140e+000   1.7830086798955708e+002  -4.0000000000000000e+000   1.7777310552531699e+002
  5.4000000000000146e+000   1.7846717115531348e+002  -4.0000000000000000e+000   1.7793920157328230e+002
  5.5000000000000151e+000   1.7863302226462861e+002  -4.0000000000000000e+000   1.7810484216098598e+002
  5.6000000000000156e+000   1.7879843582304383e+002  -4.0000000000000000e+000   1.7827004229442971e+002
  5.7000000000000162e+000   1.7896342148820867e+002  -4.0000000000000000e+000   1.7843481195760927e+002
  5.8000000000000167e+000   1.7912798931139696e+002  -4.0000000000000000e+000   1.7859916152416491e+002
  5.9000000000000172e+000   1.7929214803371016e+002  -4.0000000000000000e+000   1.7876310001374372e+002
  6.0000000000000178e+000   1.7945590553698668e+002  -4.0000000000000000e+000   1.7892663555570422e+002
  6.1000000000000183e+000   1.7961926907254704e+002  -4.0000000000000000e+000   1.7908977562468473e+002
  6.2000000000000188e+000   1.7978224578647217e+002  -4.0000000000000000e+000   1.7925252758348799e+002
  6.3000000000000194e+000   1.7994484119971730e+002  -4.0000000000000000e+000   1.7941489710843265e+002
  6.4000000000000199e+000   1.8010706007091699e+002  -4.0000000000000000e+000   1.7957688909846007e+002
  6.5000000000000204e+000   1.8026890774752039e+002  -4.0000000000000000e+000   1.7973850905373041e+002
  6.6000000000000210e+000   1.8043038887108074e+002  -4.0000000000000000e+000   1.7989976174145062e+002
  6.7000000000000215e+000   1.8059150730884474e+002  -4.0000000000000000e+000   1.8006065113391665e+002
  6.8000000000000220e+000   1.8075226696128743e+002  -4.0000000000000000e+000   1.8022118123334107e+002
  6.9000000000000226e+000   1.8091267222572793e+002  -4.0000000000000000e+000   1.8038135655307241e+002
  7.0000000000000231e+000   1.8107272619585470e+002  -4.0000000000000000e+000   1.8054118026037912e+002
  7.1000000000000236e+000   1.8123243233878858e+002  -4.0000000000000000e+000   1.8070065590872059e+002
  7.2000000000000242e+000   1.8139179352549689e+002  -4.0000000000000000e+000   1.8085978643628835e+002
  7.3000000000000247e+000   1.8155081244760581e+002  -4.0000000000000000e+000   1.8101857459715225e+002
  7.4000000000000252e+000   1.8170949202256691e+002  -4.0000000000000000e+000   1.8117702336944069e+002
  7.5000000000000258e+000   1.8186783427622422e+002  -4.0000000000000000e+000   1.8133513482230651e+002
  7.6000000000000263e+000   1.8202584124717112e+002  -4.0000000000000000e+000   1.8149291103648295e+002
  7.7000000000000268e+000   1.8218351480818677e+002  -4.0000000000000000e+000   1.8165035392261527e+002
  7.8000000000000274e+000   1.8234085699554149e+002  -4.0000000000000000e+000   1.8180746555549706e+002
  7.9000000000000279e+000   1.8249786987180366e+002  -4.0000000000000000e+000   1.8196424803413220e+002
  8.0000000000000284e+000   1.8265455537760928e+002  -4.0000000000000000e+000   1.8212070333450214e+002
  8.1000000000000281e+000   1.8281091510817117e+002  -4.0000000000000000e+000   1.8227683307626765e+002
  8.2000000000000277e+000   1.8296695106613041e+002  -4.0000000000000000e+000   1.8243263929970854e+002
  8.3000000000000274e+000   1.8312266458591768e+002  -4.0000000000000000e+000   1.8258812335185621e+002
  8.4000000000000270e+000   1.8327805689810467e+002  -4.0000000000000000e+000   1.8274328648439868e+002
  8.5000000000000266e+000   1.8343312939396441e+002  -4.0000000000000000e+000   1.8289813010498412e+002
  8.6000000000000263e+000   1.8358788317046668e+002  -4.0000000000000000e+000   1.8305265532713156e+002
  8.7000000000000259e+000   1.8374231954298708e+002  -4.0000000000000000e+000   1.8320686347951349e+002
  8.8000000000000256e+000   1.8389643988406198e+002  -4.0000000000000000e+000   1.8336075595012528e+002
  8.9000000000000252e+000   1.8405024548860098e+002  -4.0000000000000000e+000   1.8351433404892990e+002
  9.0000000000000249e+000   1.8420373736331538e+002  -4.0000000000000000e+000   1.8366759879002495e+002
  9.1000000000000245e+000   1.8435691677755273e+002  -4.0000000000000000e+000   1.8382055145675758e+002
  9.2000000000000242e+000   1.8450978473030725e+002  -4.0000000000000000e+000   1.8397319305593868e+002
  9.3000000000000238e+000   1.8466234229887587e+002  -4.0000000000000000e+000   1.8412552467439042e+002
  9.4000000000000234e+000   1.8481459048917492e+002  -4.0000000000000000e+000   1.8427754732724901e+002
  9.5000000000000231e+000   1.8496653037494113e+002  -4.0000000000000000e+000   1.8442926208698836e+002
  9.6000000000000227e+000   1.8511816279777369e+002  -4.0000000000000000e+000   1.8458066980821400e+002
  9.7000000000000224e+000   1.8526948869002638e+002  -4.0000000000000000e+000   1.8473177142623234e+002
  9.8000000000000220e+000   1.8542050880490535e+002  -4.0000000000000000e+000   1.8488256769628819e+002
  9.9000000000000217e+000   1.8557122407460403e+002  -4.0000000000000000e+000   1.8503305955093458e+002
  1.0000000000000021e+001   1.8572163531539510e+002  -4.0000000000000000e+000   1.8518324781581975e+002
