  0.0000000000000000e+000   1.5000000000000000e+000  -4.0000000000000000e+000   1.5000000000000000e+000
  1.0000000000000023e-001   7.3778297498587619e+000  -3.9278808624784189e+000   2.5492952604987380e+000
  2.0000000000000046e-001   2.1190826256889025e+001  -3.6118414814458153e+000   8.8986508695778817e+000
  3.0000000000000071e-001   3.3891240608739800e+001  -3.0557713733799492e+000   1.9911204922955207e+001
  4.0000000000000091e-001   4.6117793871236842e+001  -2.2936208664158295e+000   3.2154396649228786e+001
  5.0000000000000111e-001   5.7788773599410149e+001  -1.3453093403286132e+000   4.4548681003230406e+001
  6.0000000000000131e-001   6.8974165749325806e+001  -1.8281935798198607e+000   5.6644029535253821e+001
  7.0000000000000151e-001   7.9618290533853084e+001  -2.9295735285038234e+000   6.7938162283118061e+001
  8.0000000000000171e-001   8.9659096965049500e+001  -3.4936354094200479e+000   7.8602013882419371e+001
  9.0000000000000191e-001   9.9084479089113145e+001  -3.7678285698432536e+000   8.8722845209686639e+001
  1.0000000000000022e+000   1.0789495069749937e+002  -3.8961267238772175e+000   9.8308279069988444e+001
  1.1000000000000025e+000   1.1608750719357543e+002  -3.9549096607138536e+000   1.0733586939228726e+002
  1.2000000000000028e+000   1.2365189449870859e+002  -3.9808980355450756e+000   1.1577391841092896e+002
  1.3000000000000032e+000   1.3057171241038665e+002  -3.9920472232538913e+000   1.2358806935180847e+002
  1.4000000000000035e+000   1.3682788204055930e+002  -3.9967584010213475e+000   1.3074346491008978e+002
  1.5000000000000038e+000   1.4240341218803053e+002  -3.9987645241706686e+000   1.3720621026552286e+002
  1.6000000000000041e+000   1.4728906840178459e+002  -3.9995165110586330e+000   1.4294649433381375e+002
  1.7000000000000044e+000   1.5148941152035169e+002  -3.9998130261865512e+000   1.4794396802079063e+002
  1.8000000000000047e+000   1.5502750393797785e+002  -3.9999286245338737e+000   1.5219506357041087e+002
  1.9000000000000050e+000   1.5794671697173914e+002  -3.9999724463358941e+000   1.5572041599580407e+002
  2.0000000000000053e+000   1.6030832047616818e+002  -3.9999897309972621e+000   1.5856908977045160e+002
  2.1000000000000054e+000   1.6218584944007807e+002  -3.9999961643637363e+000   1.6081666182112548e+002
  2.2000000000000055e+000   1.6365805121635526e+002  -3.9999985641218267e+000   1.6255668969200968e+002
  2.3000000000000056e+000   1.6480227876912167e+002  -3.9999994762508457e+000   1.6388809771505947e+002
  2.4000000000000057e+000   1.6568966531573361e+002  -3.9999998094428575e+000   1.6490356274303625e+002
  2.5000000000000058e+000   1.6638193397916640e+002  -3.9999999359815317e+000   1.6568265940649010e+002
  2.6000000000000059e+000   1.6692997954899860e+002  -3.9999999812618960e+000   1.6628934163319016e+002
  2.7000000000000060e+000   1.6737380368783167e+002  -3.9999999953024954e+000   1.6677257537449478e+002
  2.8000000000000060e+000   1.6774344753692924e+002  -3.9999999980573961e+000   1.6716881707823669e+002
  2.9000000000000061e+000   1.6806103419986968e+002  -3.9999999992758544e+000   1.6750433501866488e+002
  3.0000000000000062e+000   1.6834201666274663e+002  -3.9999999997185252e+000   1.6779740514753431e+002
  3.1000000000000063e+000   1.6859744830252183e+002  -3.9999999998854578e+000   1.6806102675687796e+002
  3.2000000000000064e+000   1.6883482590204369e+002  -3.9999999999473341e+000   1.6830396787975820e+002
  3.3000000000000065e+000   1.6905942453937416e+002  -3.9999999999731064e+000   1.6853238461501911e+002
  3.4000000000000066e+000   1.6927483295512758e+002  -3.9999999999867000e+000   1.6875044876579761e+002
  3.5000000000000067e+000   1.6948345271189430e+002  -3.9999999999948535e+000   1.6896094535702960e+002
  3.6000000000000068e+000   1.6968693570089638e+002  -4.0000000000000000e+000   1.6916577892291576e+002
  3.7000000000000068e+000   1.6988619441429992e+002  -4.0000000000000000e+000   1.6936602736643550e+002
  3.8000000000000069e+000   1.7008208727059034e+002  -4.0000000000000000e+000   1.6956264145699632e+002
  3.9000000000000070e+000   1.7027510081098470e+002  -4.0000000000000000e+000   1.6975617789550529e+002
  4.0000000000000071e+000   1.7046569489973001e+002  -4.0000000000000000e+000   1.6994715364560670e+002
  4.1000000000000076e+000   1.7065424372591198e+002  -4.0000000000000000e+000   1.7013598373374310e+002
  4.2000000000000082e+000   1.7084099737894530e+002  -4.0000000000000000e+000   1.7032294126192235e+002
  4.3000000000000087e+000   1.7102613854824230e+002  -4.0000000000000000e+000   1.7050822331192731e+002
  4.4000000000000092e+000   1.7120982770794333e+002  -4.0000000000000000e+000   1.7069200240501010e+002
  4.5000000000000098e+000   1.7139220309522850e+002  -4.0000000000000000e+000   1.7087442285819989e+002
  4.6000000000000103e+000   1.7157337572920517e+002  -4.0000000000000000e+000   1.7105561283925741e+002
  4.7000000000000108e+000   1.7175343688582788e+002  -4.0000000000000000e+000   1.7123565723619535e+002
  4.8000000000000114e+000   1.7193246100657177e+002  -4.0000000000000000e+000   1.7141463856361219e+002
  4.9000000000000119e+000   1.7211051262182968e+002  -4.0000000000000000e+000   1.7159262454119627e+002
  5.0000000000000124e+000   1.7228766365712875e+002  -4.0000000000000000e+000   1.7176969069400096e+002
  5.1000000000000130e+000   1.7246396901574161e+002  -4.0000000000000000e+000   1.7194589433096294e+002
  5.2000000000000135e+000   1.7263947562078889e+002  -4.0000000000000000e+000   1.7212128437663637e+002
  5.3000000000000140e+000   1.7281422968997916e+002  -4.0000000000000000e+000   1.7229590896781966e+002
  5.4000000000000146e+000   1.7298827019925935e+002  -4.0000000000000000e+000   1.7246980862954464e+002
  5.5000000000000151e+000   1.7316163133964031e+002  -4.0000000000000000e+000   1.7264301886540500e+002
  5.6000000000000156e+000   1.7333434409552981e+002  -4.0000000000000000e+000   1.7281557142024835e+002
  5.7000000000000162e+000   1.7350643574372847e+002  -4.0000000000000000e+000   1.7298749572582389e+002
  5.8000000000000167e+000   1.7367792959414334e+002  -4.0000000000000000e+000   1.7315881488903855e+002
  5.9000000000000172e+000   1.7384884678958821e+002  -4.0000000000000000e+000   1.7332955083592140e+002
  6.0000000000000178e+000   1.7401920912833526e+002  -4.0000000000000000e+000   1.7349972640129744e+002
  6.1000000000000183e+000   1.7418903500925921e+002  -4.0000000000000000e+000   1.7366936059068092e+002
  6.2000000000000188e+000   1.7435834139475358e+002  -4.0000000000000000e+000   1.7383847088457969e+002
  6.3000000000000194e+000   1.7452714298086974e+002  -4.0000000000000000e+000   1.7400707245967851e+002
  6.4000000000000199e+000   1.7469544065596082e+002  -4.0000000000000000e+000   1.7417516655904203e+002
  6.5000000000000204e+000   1.7486327508777478e+002  -4.0000000000000000e+000   1.7434279447532288e+002
  6.6000000000000210e+000   1.7503064245234924e+002  -4.0000000000000000e+000   1.7450995261238864e+002
  6.7000000000000215e+000   1.7519755212575282e+002  -4.0000000000000000e+000   1.7467677049258671e+002
  6.8000000000000220e+000   1.7536401031577489e+002  -4.0000000000000000e+000   1.7484289488633041e+002
  6.9000000000000226e+000   1.7553003368493640e+002  -4.0000000000000000e+000   1.7500870240150613e+002
  7.0000000000000231e+000   1.7569562336307007e+002  -4.0000000000000000e+000   1.7517407484191872e+002
  7.1000000000000236e+000   1.7586078812453701e+002  -4.0000000000000000e+000   1.7533902072937826e+002
  7.2000000000000242e+000   1.7602553584305542e+002  -4.0000000000000000e+000   1.7550354831836333e+002
  7.3000000000000247e+000   1.7618987209121849e+002  -4.0000000000000000e+000   1.7566766333820811e+002
  7.4000000000000252e+000   1.7635380163281479e+002  -4.0000000000000000e+000   1.7583137068566259e+002
  7.5000000000000258e+000   1.7651732993645419e+002  -4.0000000000000000e+000   1.7599467597797243e+002
  7.6000000000000263e+000   1.7668046219980300e+002  -4.0000000000000000e+000   1.7615758454907998e+002
  7.7000000000000268e+000   1.7684320345693629e+002  -4.0000000000000000e+000   1.7632010156459012e+002
  7.8000000000000274e+000   1.7700555754383200e+002  -4.0000000000000000e+000   1.7648223095165179e+002
  7.9000000000000279e+000   1.7716752858953981e+002  -4.0000000000000000e+000   1.7664397694546980e+002
  8.0000000000000284e+000   1.7732911999638759e+002  -4.0000000000000000e+000   1.7680534303144216e+002
  8.1000000000000281e+000   1.7749033521298327e+002  -4.0000000000000000e+000   1.7696633274201020e+002
  8.2000000000000277e+000   1.7765117745448441e+002  -4.0000000000000000e+000   1.7712694937073246e+002
  8.3000000000000274e+000   1.7781164908509410e+002  -4.0000000000000000e+000   1.7728719531664478e+002
  8.4000000000000270e+000   1.7797175292642299e+002  -4.0000000000000000e+000   1.7744707347730943e+002
  8.5000000000000266e+000   1.7813149074402756e+002  -4.0000000000000000e+000   1.7760658565284339e+002
  8.6000000000000263e+000   1.7829086505487118e+002  -4.0000000000000000e+000   1.7776573441865227e+002
  8.7000000000000259e+000   1.7844987782562018e+002  -4.0000000000000000e+000   1.7792452176897862e+002
  8.8000000000000256e+000   1.7860853183222022e+002  -4.0000000000000000e+000   1.7808295054204623e+002
  8.9000000000000252e+000   1.7876682862693215e+002  -4.0000000000000000e+000   1.7824102231171767e+002
  9.0000000000000249e+000   1.7892477033875761e+002  -4.0000000000000000e+000   1.7839873924651343e+002
  9.1000000000000245e+000   1.7908235866213133e+002  -4.0000000000000000e+000   1.7855610307052950e+002
  9.2000000000000242e+000   1.7923959520926778e+002  -4.0000000000000000e+000   1.7871311542296536e+002
  9.3000000000000238e+000   1.7939648166604300e+002  -4.0000000000000000e+000   1.7886977801965608e+002
  9.4000000000000234e+000   1.7955301955298296e+002  -4.0000000000000000e+000   1.7902609240336255e+002
  9.5000000000000231e+000   1.7970921109989553e+002  -4.0000000000000000e+000   1.7918206082468930e+002
  9.6000000000000227e+000   1.7986504139543723e+002  -4.0000000000000000e+000   1.7933766921600233e+002
  9.7000000000000224e+000   1.8002054130231676e+002  -4.0000000000000000e+000   1.7949294593148335e+002
  9.8000000000000220e+000   1.8017569771455345e+002  -4.0000000000000000e+000   1.7964788037085356e+002
  9.9000000000000217e+000   1.8033051178297364e+002  -4.0000000000000000e+000   1.7980247276416250e+002
  1.0000000000000021e+001   1.8048498447981942e+002  -4.0000000000000000e+000   1.7995672452437685e+002
