  0.0000000000000000e+000   1.5000000000000000e+000  -4.0000000000000000e+000   1.5000000000000000e+000
  1.0000000000000023e-001   7.3778297498587619e+000  -3.9278808624784189e+000   2.5492952604987380e+000
  2.0000000000000046e-001   2.1190826256889025e+001  -3.6118414814458153e+000   8.8986508695778817e+000
  3.0000000000000071e-001   3.3891240940087343e+001  -3.0603887954841156e+000   1.9911182967316503e+001
  4.0000000000000091e-001   4.6108810651083871e+001  -3.3937005688806114e+000   3.2020730525517173e+001
  5.0000000000000111e-001   5.7721942501210897e+001  -3.6570739952759572e+000   4.4056358577556821e+001
  6.0000000000000131e-001   6.8772384959407916e+001  -3.8212240685371914e+000   5.5740013995022579e+001
  7.0000000000000151e-001   7.9262223470209108e+001  -3.9119040485362793e+000   6.6976543385102687e+001
  8.0000000000000171e-001   8.9190875902134621e+001  -3.9583053361346323e+000   7.7718307601776914e+001
  9.0000000000000191e-001   9.8552045046110152e+001  -3.9808930718182154e+000   8.7933392592625097e+001
  1.0000000000000022e+000   1.0733394014593480e+002  -3.9914234361011132e+000   9.7595591494203077e+001
  1.1000000000000025e+000   1.1551967854619178e+002  -3.9963001730180374e+000   1.0667885889940679e+002
  1.2000000000000028e+000   1.2308880258268059e+002  -3.9984083481865604e+000   1.1515687331829987e+002
  1.3000000000000032e+000   1.3001779679458841e+002  -3.9993183757603044e+000   1.2300016348456963e+002
  1.4000000000000035e+000   1.3628329315014037e+002  -3.9997122477465008e+000   1.3017732048960775e+002
  1.5000000000000038e+000   1.4186571858881425e+002  -3.9998933118463760e+000   1.3665606874274772e+002
  1.6000000000000041e+000   1.4675478800459143e+002  -3.9999628122698545e+000   1.4240707931971028e+002
  1.7000000000000044e+000   1.5095446135513450e+002  -3.9999839719611465e+000   1.4741005453398432e+002
  1.8000000000000047e+000   1.5448790319172338e+002  -3.9999939378171367e+000   1.5166130358067730e+002
  1.9000000000000050e+000   1.5739938593425407e+002  -3.9999976702812425e+000   1.5518199425907559e+002
  2.0000000000000053e+000   1.5975077955018358e+002  -3.9999990925647184e+000   1.5802186567871672e+002
  2.1000000000000054e+000   1.6161725459006615e+002  -3.9999996441528416e+000   1.6025822592008188e+002
  2.2000000000000055e+000   1.6307845078593863e+002  -3.9999998598953130e+000   1.6198611044639560e+002
  2.3000000000000056e+000   1.6421240973599501e+002  -3.9999999438477949e+000   1.6330568911480071e+002
  2.4000000000000057e+000   1.6509081482407200e+002  -3.9999999781351110e+000   1.6431078997368022e+002
  2.5000000000000058e+000   1.6577564068615632e+002  -3.9999999916373183e+000   1.6508123053971769e+002
  2.6000000000000059e+000   1.6631773000573352e+002  -3.9999999967718165e+000   1.6568094087743671e+002
  2.7000000000000060e+000   1.6675680907468887e+002  -3.9999999987078323e+000   1.6615872262572390e+002
  2.8000000000000060e+000   1.6712295645309504e+002  -3.9999999994664139e+000   1.6655091203791454e+002
  2.9000000000000061e+000   1.6743792250794738e+002  -3.9999999997721853e+000   1.6688335442509589e+002
  3.0000000000000062e+000   1.6771732995261456e+002  -3.9999999998996976e+000   1.6717453610908615e+002
  3.1000000000000063e+000   1.6797196427685040e+002  -3.9999999999542393e+000   1.6743710528070295e+002
  3.2000000000000064e+000   1.6820945159965109e+002  -3.9999999999815699e+000   1.6767998705250102e+002
  3.3000000000000065e+000   1.6843494962732240e+002  -3.9999999999981068e+000   1.6790920598420740e+002
  3.4000000000000066e+000   1.6865130918420437e+002  -4.0000000000000000e+000   1.6812815103757276e+002
  3.5000000000000067e+000   1.6886091142392416e+002  -4.0000000000000000e+000   1.6833958113529405e+002
  3.6000000000000068e+000   1.6906519459214033e+002  -4.0000000000000000e+000   1.6854515007698444e+002
  3.7000000000000068e+000   1.6926532144581671e+002  -4.0000000000000000e+000   1.6874619512583337e+002
  3.8000000000000069e+000   1.6946218784958933e+002  -4.0000000000000000e+000   1.6894373814951308e+002
  3.9000000000000070e+000   1.6965633818407838e+002  -4.0000000000000000e+000   1.6913839168003310e+002
  4.0000000000000071e+000   1.6984815124953101e+002  -4.0000000000000000e+000   1.6933057645543170e+002
  4.1000000000000076e+000   1.7003793543622874e+002  -4.0000000000000000e+000   1.6952063366694057e+002
  4.2000000000000082e+000   1.7022592825916107e+002  -4.0000000000000000e+000   1.6970882205580412e+002
  4.3000000000000087e+000   1.7041232149853417e+002  -4.0000000000000000e+000   1.6989534940376976e+002
  4.4000000000000092e+000   1.7059727312733284e+002  -4.0000000000000000e+000   1.7008038558571150e+002
  4.5000000000000098e+000   1.7078092476164031e+002  -4.0000000000000000e+000   1.7026408204012523e+002
  4.6000000000000103e+000   1.7096337725718851e+002  -4.0000000000000000e+000   1.7044654460862557e+002
  4.7000000000000108e+000   1.7114471561574933e+002  -4.0000000000000000e+000   1.7062786236910409e+002
  4.8000000000000114e+000   1.7132500011628133e+002  -4.0000000000000000e+000   1.7080809731252754e+002
  4.9000000000000119e+000   1.7150432143625838e+002  -4.0000000000000000e+000   1.7098734681346579e+002
  5.0000000000000124e+000   1.7168274905000516e+002  -4.0000000000000000e+000   1.7116568442366105e+002
  5.1000000000000130e+000   1.7186033218645937e+002  -4.0000000000000000e+000   1.7134316128577339e+002
  5.2000000000000135e+000   1.7203712057614121e+002  -4.0000000000000000e+000   1.7151982910130630e+002
  5.3000000000000140e+000   1.7221315766524947e+002  -4.0000000000000000e+000   1.7169573300288718e+002
  5.4000000000000146e+000   1.7238848156591686e+002  -4.0000000000000000e+000   1.7187091255660505e+002
  5.5000000000000151e+000   1.7256312567713258e+002  -4.0000000000000000e+000   1.7204536646869576e+002
  5.6000000000000156e+000   1.7273709047728698e+002  -4.0000000000000000e+000   1.7221920333342646e+002
  5.7000000000000162e+000   1.7291046896974314e+002  -4.0000000000000000e+000   1.7239241162140988e+002
  5.8000000000000167e+000   1.7308324598554191e+002  -4.0000000000000000e+000   1.7256501095420936e+002
  5.9000000000000172e+000   1.7325544491336979e+002  -4.0000000000000000e+000   1.7273702584948936e+002
  6.0000000000000178e+000   1.7342708717583892e+002  -4.0000000000000000e+000   1.7290847858536847e+002
  6.1000000000000183e+000   1.7359818993916090e+002  -4.0000000000000000e+000   1.7307938689078833e+002
  6.2000000000000188e+000   1.7376877101406501e+002  -4.0000000000000000e+000   1.7324976914947351e+002
  6.3000000000000194e+000   1.7393884528060369e+002  -4.0000000000000000e+000   1.7341964071979257e+002
  6.4000000000000199e+000   1.7410842675933876e+002  -4.0000000000000000e+000   1.7358901607587003e+002
  6.5000000000000204e+000   1.7427752749440199e+002  -4.0000000000000000e+000   1.7375790763950224e+002
  6.6000000000000210e+000   1.7444615966151881e+002  -4.0000000000000000e+000   1.7392632796914262e+002
  6.7000000000000215e+000   1.7461433263623954e+002  -4.0000000000000000e+000   1.7409428669109954e+002
  6.8000000000000220e+000   1.7478205500757645e+002  -4.0000000000000000e+000   1.7426179271368903e+002
  6.9000000000000226e+000   1.7494933515105410e+002  -4.0000000000000000e+000   1.7442885461163115e+002
  7.0000000000000231e+000   1.7511618179429266e+002  -4.0000000000000000e+000   1.7459548139882997e+002
  7.1000000000000236e+000   1.7528260201155544e+002  -4.0000000000000000e+000   1.7476168032687750e+002
  7.2000000000000242e+000   1.7544860261036413e+002  -4.0000000000000000e+000   1.7492745840189082e+002
  7.3000000000000247e+000   1.7561418953127779e+002  -4.0000000000000000e+000   1.7509282172852298e+002
  7.4000000000000252e+000   1.7577936841089593e+002  -4.0000000000000000e+000   1.7525777609818189e+002
  7.5000000000000258e+000   1.7594414479379901e+002  -4.0000000000000000e+000   1.7542232720691334e+002
  7.6000000000000263e+000   1.7610852376753942e+002  -4.0000000000000000e+000   1.7558648027540761e+002
  7.7000000000000268e+000   1.7627250963400758e+002  -4.0000000000000000e+000   1.7575023971312098e+002
  7.8000000000000274e+000   1.7643610483596868e+002  -4.0000000000000000e+000   1.7591360800008297e+002
  7.9000000000000279e+000   1.7659931424319842e+002  -4.0000000000000000e+000   1.7607659017202221e+002
  8.0000000000000284e+000   1.7676214124692947e+002  -4.0000000000000000e+000   1.7623918981753198e+002
  8.1000000000000281e+000   1.7692458822003721e+002  -4.0000000000000000e+000   1.7640140895060247e+002
  8.2000000000000277e+000   1.7708666079069508e+002  -4.0000000000000000e+000   1.7656325373566619e+002
  8.3000000000000274e+000   1.7724835980145701e+002  -4.0000000000000000e+000   1.7672472489890805e+002
  8.4000000000000270e+000   1.7740968952173711e+002  -4.0000000000000000e+000   1.7688582680401049e+002
  8.5000000000000266e+000   1.7757064962524291e+002  -4.0000000000000000e+000   1.7704655911740451e+002
  8.6000000000000263e+000   1.7773124547716461e+002  -4.0000000000000000e+000   1.7720692731509897e+002
  8.7000000000000259e+000   1.7789147445183531e+002  -4.0000000000000000e+000   1.7736692871364377e+002
  8.8000000000000256e+000   1.7805134273794840e+002  -4.0000000000000000e+000   1.7752656963762038e+002
  8.9000000000000252e+000   1.7821085086976706e+002  -4.0000000000000000e+000   1.7768585061380205e+002
  9.0000000000000249e+000   1.7837000075320219e+002  -4.0000000000000000e+000   1.7784477358700428e+002
  9.1000000000000245e+000   1.7852879465331540e+002  -4.0000000000000000e+000   1.7800334085902233e+002
  9.2000000000000242e+000   1.7868723574298710e+002  -4.0000000000000000e+000   1.7816155565334930e+002
  9.3000000000000238e+000   1.7884532373272148e+002  -4.0000000000000000e+000   1.7831941767636695e+002
  9.4000000000000234e+000   1.7900306103200688e+002  -4.0000000000000000e+000   1.7847692937358582e+002
  9.5000000000000231e+000   1.7916044837336781e+002  -4.0000000000000000e+000   1.7863409148848362e+002
  9.6000000000000227e+000   1.7931748587991629e+002  -4.0000000000000000e+000   1.7879090414446208e+002
  9.7000000000000224e+000   1.7947417857388962e+002  -4.0000000000000000e+000   1.7894737242983697e+002
  9.8000000000000220e+000   1.7963052312620550e+002  -4.0000000000000000e+000   1.7910349296943798e+002
  9.9000000000000217e+000   1.7978652262814893e+002  -4.0000000000000000e+000   1.7925926888888227e+002
  1.0000000000000021e+001   1.7994217768804685e+002  -4.0000000000000000e+000   1.7941470080676660e+002
