  0.0000000000000000e+000   1.5000000000000000e+000  -4.0000000000000000e+000   1.5000000000000000e+000
  1.0000000000000023e-001   5.2688840855944683e+000  -3.9278808741508699e+000   2.2815642625281298e+000
  2.0000000000000046e-001   1.5360670452720028e+001  -3.6118413766955926e+000   6.8659391065189634e+000
  3.0000000000000071e-001   2.5233124157351469e+001  -3.0557716666166543e+000   1.5551204108484853e+001
  4.0000000000000091e-001   3.4785526960281913e+001  -2.2936272091997090e+000   2.5442801142488225e+001
  5.0000000000000111e-001   4.3989966049128078e+001  -1.3452961221124076e+000   3.5415436900296953e+001
  6.0000000000000131e-001   5.2852583677604649e+001  -2.2144803127453239e-001   4.5175464482260573e+001
  7.0000000000000151e-001   6.1378199788815778e+001   1.0704544322580789e+000   5.4640050365048637e+001
  8.0000000000000171e-001   6.9575498077157860e+001   2.5235447790824130e+000   6.3783875011245335e+001
  9.0000000000000191e-001   7.7456884743145807e+001   4.1309298094304729e+000   7.2598699929229312e+001
  1.0000000000000022e+000   8.5037112644187403e+001   5.8856407403310005e+000   8.1081386285513332e+001
  1.1000000000000025e+000   9.2331351198114646e+001   7.6667089486422082e+000   8.9221066711458306e+001
  1.2000000000000028e+000   9.9346198605695491e+001   9.3607490362770189e+000   9.6985416184097403e+001
  1.3000000000000032e+000   1.0607868867282585e+002   1.0972125137746726e+001   1.0435545736882206e+002
  1.4000000000000035e+000   1.1252319748923857e+002   1.2504891689690499e+001   1.1132402135860929e+002
  1.5000000000000038e+000   1.1867509947993325e+002   1.3962896429088946e+001   1.1788875457777553e+002
  1.6000000000000041e+000   1.2445677499236712e+002   7.8569392606904280e+000   1.2364027205286175e+002
  1.7000000000000044e+000   1.2915955842692108e+002   6.5910394729947441e-001   1.2769391142122261e+002
  1.8000000000000047e+000   1.3289840702568961e+002  -2.1819219152357467e+000   1.3114125106345267e+002
  1.9000000000000050e+000   1.3600381000852880e+002  -3.2946394321142365e+000   1.3423535895283095e+002
  2.0000000000000053e+000   1.3866817775402907e+002  -3.7276786637225525e+000   1.3701797517741866e+002
  2.1000000000000054e+000   1.4099529092424677e+002  -3.8951563948150350e+000   1.3950162230393835e+002
  2.2000000000000055e+000   1.4304198527830138e+002  -3.9598125038910097e+000   1.4170329662879954e+002
  2.3000000000000056e+000   1.4484271652513618e+002  -3.9845179298639550e+000   1.4364416509379632e+002
  2.4000000000000057e+000   1.4642187584607186e+002  -3.9940474463615012e+000   1.4534603236503278e+002
  2.5000000000000058e+000   1.4779911465811202e+002  -3.9977390466075260e+000   1.4682948810816666e+002
  2.6000000000000059e+000   1.4899177275220833e+002  -3.9991602130793620e+000   1.4811386581593052e+002
  2.7000000000000060e+000   1.5001470017663959e+002  -3.9996692092770241e+000   1.4921593950134400e+002
  2.8000000000000060e+000   1.5088243797232840e+002  -3.9998661202163071e+000   1.5015210257275359e+002
  2.9000000000000061e+000   1.5160814697628581e+002  -3.9999442952702071e+000   1.5093702895532277e+002
  3.0000000000000062e+000   1.5220410327453334e+002  -3.9999770694787107e+000   1.5158430889828816e+002
  3.1000000000000063e+000   1.5268174626321655e+002  -3.9999899551439482e+000   1.5210648807368153e+002
  3.2000000000000064e+000   1.5305189807051391e+002  -3.9999954357016545e+000   1.5251530972069995e+002
  3.3000000000000065e+000   1.5332484387131834e+002  -3.9999982030273169e+000   1.5282180082376462e+002
  3.4000000000000066e+000   1.5351033751983448e+002  -3.9999993872443325e+000   1.5303632205255420e+002
  3.5000000000000067e+000   1.5361780007140288e+002  -3.9999997565104581e+000   1.5316878801021019e+002
  3.6000000000000068e+000   1.5365637447317758e+002  -3.9999999018347152e+000   1.5322875808359129e+002
  3.7000000000000068e+000   1.5363500978579484e+002  -3.9999999659896188e+000   1.5322549704955685e+002
  3.8000000000000069e+000   1.5356291558299031e+002  -3.9999999880879491e+000   1.5316849000997607e+002
  3.9000000000000070e+000   1.5344845126782565e+002  -3.9999999961456996e+000   1.5306632192347425e+002
  4.0000000000000071e+000   1.5329949976058842e+002  -3.9999999986518935e+000   1.5292706180753964e+002
  4.1000000000000076e+000   1.5312429365777504e+002  -3.9999999994725890e+000   1.5275912059581159e+002
  4.2000000000000082e+000   1.5293088217534071e+002  -3.9999999997897375e+000   1.5257070410851694e+002
  4.3000000000000087e+000   1.5272695878529532e+002  -3.9999999999183329e+000   1.5236967199533461e+002
  4.4000000000000092e+000   1.5251953395466620e+002  -3.9999999999684168e+000   1.5216319818500480e+002
  4.5000000000000098e+000   1.5231503962688728e+002  -3.9999999999882512e+000   1.5195790575677779e+002
  4.6000000000000103e+000   1.5211913286617053e+002  -3.9999999999954952e+000   1.5175963492363064e+002
  4.7000000000000108e+000   1.5193668017352863e+002  -3.9999999999981037e+000   1.5157346760175173e+002
  4.8000000000000114e+000   1.5177168558941565e+002  -3.9999999999991909e+000   1.5140363410897535e+002
  4.9000000000000119e+000   1.5162708929709376e+002  -3.9999999999995821e+000   1.5125331400454633e+002
  5.0000000000000124e+000   1.5150515608393701e+002  -3.9999999999998090e+000   1.5112502143824548e+002
  5.1000000000000130e+000   1.5140701884753216e+002  -3.9999999999999272e+000   1.5102014261911242e+002
  5.2000000000000135e+000   1.5133288392468467e+002  -3.9999999999999734e+000   1.5093912939816926e+002
  5.3000000000000140e+000   1.5128217097093864e+002  -3.9999999999999893e+000   1.5088163247796732e+002
  5.4000000000000146e+000   1.5125364145292619e+002  -3.9999999999999969e+000   1.5084662031253080e+002
  5.5000000000000151e+000   1.5124544718388913e+002  -3.9999999999999991e+000   1.5083242147233744e+002
  5.6000000000000156e+000   1.5125530232893612e+002  -3.9999999999999996e+000   1.5083688950221625e+002
  5.7000000000000162e+000   1.5128055294134589e+002  -4.0000000000000000e+000   1.5085747344808624e+002
  5.8000000000000167e+000   1.5131867773136551e+002  -4.0000000000000000e+000   1.5089171221900162e+002
  5.9000000000000172e+000   1.5136698232652665e+002  -4.0000000000000000e+000   1.5093693871759859e+002
  6.0000000000000178e+000   1.5142265434045524e+002  -4.0000000000000000e+000   1.5099033791593143e+002
  6.1000000000000183e+000   1.5148314934076137e+002  -4.0000000000000000e+000   1.5104933056122320e+002
  6.2000000000000188e+000   1.5154614839114043e+002  -4.0000000000000000e+000   1.5111153762695449e+002
  6.3000000000000194e+000   1.5160952113372562e+002  -4.0000000000000000e+000   1.5117474859838384e+002
  6.4000000000000199e+000   1.5167161852150213e+002  -4.0000000000000000e+000   1.5123723595624031e+002
  6.5000000000000204e+000   1.5173088508942223e+002  -4.0000000000000000e+000   1.5129734974380253e+002
  6.6000000000000210e+000   1.5178611498866934e+002  -4.0000000000000000e+000   1.5135378902287496e+002
  6.7000000000000215e+000   1.5183642749238604e+002  -4.0000000000000000e+000   1.5140558158033389e+002
  6.8000000000000220e+000   1.5188120027709488e+002  -4.0000000000000000e+000   1.5145201806913553e+002
  6.9000000000000226e+000   1.5192007035687985e+002  -4.0000000000000000e+000   1.5149265518890925e+002
  7.0000000000000231e+000   1.5195290280443001e+002  -4.0000000000000000e+000   1.5152728583075580e+002
  7.1000000000000236e+000   1.5197982591883058e+002  -4.0000000000000000e+000   1.5155597624300222e+002
  7.2000000000000242e+000   1.5200110879526400e+002  -4.0000000000000000e+000   1.5157894462000124e+002
  7.3000000000000247e+000   1.5201712161810426e+002  -4.0000000000000000e+000   1.5159652128764864e+002
  7.4000000000000252e+000   1.5202837787402152e+002  -4.0000000000000000e+000   1.5160918587772161e+002
  7.5000000000000258e+000   1.5203546574614157e+002  -4.0000000000000000e+000   1.5161749965766427e+002
  7.6000000000000263e+000   1.5203907252359855e+002  -4.0000000000000000e+000   1.5162214518384638e+002
  7.7000000000000268e+000   1.5203989166032790e+002  -4.0000000000000000e+000   1.5162380260587969e+002
  7.8000000000000274e+000   1.5203850883810699e+002  -4.0000000000000000e+000   1.5162306253635285e+002
  7.9000000000000279e+000   1.5203542070630058e+002  -4.0000000000000000e+000   1.5162042575615308e+002
  8.0000000000000284e+000   1.5203137237927444e+002  -4.0000000000000000e+000   1.5161665001762785e+002
  8.1000000000000281e+000   1.5202686202030537e+002  -4.0000000000000000e+000   1.5161224826869196e+002
  8.2000000000000277e+000   1.5202239095160337e+002  -4.0000000000000000e+000   1.5160774152855291e+002
  8.3000000000000274e+000   1.5201839801851523e+002  -4.0000000000000000e+000   1.5160359027887779e+002
  8.4000000000000270e+000   1.5201513464928121e+002  -4.0000000000000000e+000   1.5160006834130860e+002
  8.5000000000000266e+000   1.5201296633156494e+002  -4.0000000000000000e+000   1.5159756373986488e+002
  8.6000000000000263e+000   1.5201196497913716e+002  -4.0000000000000000e+000   1.5159616995392554e+002
  8.7000000000000259e+000   1.5201239003327240e+002  -4.0000000000000000e+000   1.5159616864094022e+002
  8.8000000000000256e+000   1.5201427195255536e+002  -4.0000000000000000e+000   1.5159761050329988e+002
  8.9000000000000252e+000   1.5201759289430558e+002  -4.0000000000000000e+000   1.5160049610749272e+002
  9.0000000000000249e+000   1.5202227062271726e+002  -4.0000000000000000e+000   1.5160475850632497e+002
  9.1000000000000245e+000   1.5202819442505904e+002  -4.0000000000000000e+000   1.5161029931898739e+002
  9.2000000000000242e+000   1.5203521758652579e+002  -4.0000000000000000e+000   1.5161698121269362e+002
  9.3000000000000238e+000   1.5204317590406913e+002  -4.0000000000000000e+000   1.5162464637222092e+002
  9.4000000000000234e+000   1.5205189663991848e+002  -4.0000000000000000e+000   1.5163312622545158e+002
  9.5000000000000231e+000   1.5206119557037451e+002  -4.0000000000000000e+000   1.5164223803033252e+002
  9.6000000000000227e+000   1.5207087223078904e+002  -4.0000000000000000e+000   1.5165177971088812e+002
  9.7000000000000224e+000   1.5208077023963557e+002  -4.0000000000000000e+000   1.5166159170625141e+002
  9.8000000000000220e+000   1.5209079555219606e+002  -4.0000000000000000e+000   1.5167157778847786e+002
  9.9000000000000217e+000   1.5210078008241501e+002  -4.0000000000000000e+000   1.5168156454699022e+002
  1.0000000000000000e+001   1.5211060376418948e+002  -4.0000000000000000e+000   1.5169142589707693e+002
