  0.0000000000000000e+000   1.5000000000000000e+000  -4.0000000000000000e+000   1.5000000000000000e+000
  1.0000000000000023e-001   7.3778297498587619e+000  -3.9278808624784189e+000   2.5492952604987380e+000
  2.0000000000000046e-001   2.1190826256889025e+001  -3.6118414814458153e+000   8.8986508695778817e+000
  3.0000000000000071e-001   3.3891240608739800e+001  -3.0557713733799492e+000   1.9911204922955207e+001
  4.0000000000000091e-001   4.6117793871236842e+001  -2.2936208664158295e+000   3.2154396649228786e+001
  5.0000000000000111e-001   5.7788773599410149e+001  -1.3453093403286132e+000   4.4548681003230406e+001
  6.0000000000000131e-001   6.8979097953716305e+001  -2.2148590486902897e-001   5.6768022167700629e+001
  7.0000000000000151e-001   7.9710883899208156e+001   1.0703796651610000e+000   6.8689581750263883e+001
  8.0000000000000171e-001   8.9998375912806424e+001   2.5234507977848217e+000   8.0254583812982446e+001
  9.0000000000000191e-001   9.9848288711192652e+001   4.1308375338722385e+000   9.1427260207087926e+001
  1.0000000000000022e+000   1.0926238537391714e+002   5.8855600520103373e+000   1.0217851732675379e+002
  1.1000000000000025e+000   1.1823821858254773e+002   7.6666894016281617e+000   1.1246905891479207e+002
  1.2000000000000028e+000   1.2676374425736364e+002   9.3607543774433921e+000   1.2223203092152903e+002
  1.3000000000000032e+000   1.3481671876402521e+002   1.0972142751823490e+001   1.3140792386198544e+002
  1.4000000000000035e+000   1.4237277370999152e+002   1.2504914765596713e+001   1.3994994488820797e+002
  1.5000000000000038e+000   1.4924141369599946e+002   3.6924720950592667e+000   1.4678848059394261e+002
  1.6000000000000041e+000   1.5485690295460248e+002  -9.5198571973859725e-001   1.5196461057281670e+002
  1.7000000000000044e+000   1.5935350630519179e+002  -2.8021648441205738e+000   1.5647801255971942e+002
  1.8000000000000047e+000   1.6298254078774326e+002  -3.5324616737458254e+000   1.6042632223724272e+002
  1.9000000000000050e+000   1.6592286884045319e+002  -3.8184644141064390e+000   1.6378694269146672e+002
  2.0000000000000053e+000   1.6829864968014192e+002  -3.9298503040510067e+000   1.6656314931373731e+002
  2.1000000000000054e+000   1.7020449209534300e+002  -3.9729049815125035e+000   1.6879948450651935e+002
  2.2000000000000055e+000   1.7172033159344670e+002  -3.9895761974088106e+000   1.7056758057483864e+002
  2.3000000000000056e+000   1.7291832675010048e+002  -3.9960644427204000e+000   1.7194965053428729e+002
  2.4000000000000057e+000   1.7386197566619620e+002  -3.9984879477393536e+000   1.7302418178074694e+002
  2.5000000000000058e+000   1.7460541648636470e+002  -3.9993739995311635e+000   1.7385983448759188e+002
  2.6000000000000059e+000   1.7519724002132679e+002  -3.9997487097384625e+000   1.7451628138181721e+002
  2.7000000000000060e+000   1.7567547934508050e+002  -3.9999008853585760e+000   1.7503961964377351e+002
  2.8000000000000060e+000   1.7606986671402632e+002  -3.9999597890762981e+000   1.7546547914545872e+002
  2.9000000000000061e+000   1.7640307931984094e+002  -3.9999824536719140e+000   1.7582065235213773e+002
  3.0000000000000062e+000   1.7669232925186955e+002  -3.9999925561396914e+000   1.7612525409770649e+002
  3.1000000000000063e+000   1.7694960845408775e+002  -3.9999966342697979e+000   1.7639323654134159e+002
  3.2000000000000064e+000   1.7718402198060687e+002  -3.9999984019254353e+000   1.7663515360668200e+002
  3.3000000000000065e+000   1.7740196105016511e+002  -3.9999992452827526e+000   1.7685838377632194e+002
  3.4000000000000066e+000   1.7760779120911329e+002  -3.9999996355471641e+000   1.7706795129335396e+002
  3.5000000000000067e+000   1.7780462359712450e+002  -3.9999997889201460e+000   1.7726744296345427e+002
  3.6000000000000068e+000   1.7799469471948015e+002  -3.9999998745585144e+000   1.7745945082132513e+002
  3.7000000000000068e+000   1.7817953932273258e+002  -3.9999999252732250e+000   1.7764572309032951e+002
  3.8000000000000069e+000   1.7836026512092641e+002  -3.9999999645896072e+000   1.7782751878251938e+002
  3.9000000000000070e+000   1.7853761569144686e+002  -3.9999999865405482e+000   1.7800566469930197e+002
  4.0000000000000071e+000   1.7871215898199048e+002  -3.9999999958549686e+000   1.7818080200809644e+002
  4.1000000000000076e+000   1.7888433993082666e+002  -3.9999999987382107e+000   1.7835342365074561e+002
  4.2000000000000082e+000   1.7905448740682229e+002  -3.9999999988731054e+000   1.7852391016527915e+002
  4.3000000000000087e+000   1.7922288357552580e+002  -3.9999999984968642e+000   1.7869256643099337e+002
  4.4000000000000092e+000   1.7938969587002617e+002  -3.9999999989552837e+000   1.7885956315329918e+002
  4.5000000000000098e+000   1.7955507595127446e+002  -3.9999999995853432e+000   1.7902507236813483e+002
  4.6000000000000103e+000   1.7971915955348967e+002  -4.0000000000000000e+000   1.7918923705169777e+002
  4.7000000000000108e+000   1.7988207381576990e+002  -4.0000000000000000e+000   1.7935219477592622e+002
  4.8000000000000114e+000   1.8004392258028852e+002  -4.0000000000000000e+000   1.7951405679629079e+002
  4.9000000000000119e+000   1.8020478663734787e+002  -4.0000000000000000e+000   1.7967490823934088e+002
  5.0000000000000124e+000   1.8036473966318343e+002  -4.0000000000000000e+000   1.7983482656656312e+002
  5.1000000000000130e+000   1.8052384480694948e+002  -4.0000000000000000e+000   1.7999387797754846e+002
  5.2000000000000135e+000   1.8068215443533711e+002  -4.0000000000000000e+000   1.8015211716945461e+002
  5.3000000000000140e+000   1.8083971868730771e+002  -4.0000000000000000e+000   1.8030959682154264e+002
  5.4000000000000146e+000   1.8099657647079039e+002  -4.0000000000000000e+000   1.8046635616220638e+002
  5.5000000000000151e+000   1.8115276150785155e+002  -4.0000000000000000e+000   1.8062243094273319e+002
  5.6000000000000156e+000   1.8130830613815326e+002  -4.0000000000000000e+000   1.8077785601338346e+002
  5.7000000000000162e+000   1.8146324442509632e+002  -4.0000000000000000e+000   1.8093266550703430e+002
  5.8000000000000167e+000   1.8161760340798517e+002  -4.0000000000000000e+000   1.8108688751783058e+002
  5.9000000000000172e+000   1.8177140817994976e+002  -4.0000000000000000e+000   1.8124054822197778e+002
  6.0000000000000178e+000   1.8192468110945950e+002  -4.0000000000000000e+000   1.8139367078818643e+002
  6.1000000000000183e+000   1.8207744144268307e+002  -4.0000000000000000e+000   1.8154627512998465e+002
  6.2000000000000188e+000   1.8222970777379882e+002  -4.0000000000000000e+000   1.8169838049402597e+002
  6.3000000000000194e+000   1.8238149487646072e+002  -4.0000000000000000e+000   1.8185000214601308e+002
  6.4000000000000199e+000   1.8253281531367585e+002  -4.0000000000000000e+000   1.8200115305552748e+002
  6.5000000000000204e+000   1.8268368397117737e+002  -4.0000000000000000e+000   1.8215184862054289e+002
  6.6000000000000210e+000   1.8283411215647803e+002  -4.0000000000000000e+000   1.8230210046628522e+002
  6.7000000000000215e+000   1.8298411157802639e+002  -4.0000000000000000e+000   1.8245192073887429e+002
  6.8000000000000220e+000   1.8313369225128361e+002  -4.0000000000000000e+000   1.8260131975042160e+002
  6.9000000000000226e+000   1.8328286407159641e+002  -4.0000000000000000e+000   1.8275030770343341e+002
  7.0000000000000231e+000   1.8343163527191223e+002  -4.0000000000000000e+000   1.8289889308144188e+002
  7.1000000000000236e+000   1.8358001328972961e+002  -4.0000000000000000e+000   1.8304708355237236e+002
  7.2000000000000242e+000   1.8372800591260653e+002  -4.0000000000000000e+000   1.8319488712384921e+002
  7.3000000000000247e+000   1.8387561874082002e+002  -4.0000000000000000e+000   1.8334230957203462e+002
  7.4000000000000252e+000   1.8402285735825981e+002  -4.0000000000000000e+000   1.8348935664350122e+002
  7.5000000000000258e+000   1.8416972699390536e+002  -4.0000000000000000e+000   1.8363603371526264e+002
  7.6000000000000263e+000   1.8431623310475143e+002  -4.0000000000000000e+000   1.8378234640023317e+002
  7.7000000000000268e+000   1.8446238000802799e+002  -4.0000000000000000e+000   1.8392829913226751e+002
  7.8000000000000274e+000   1.8460817243848777e+002  -4.0000000000000000e+000   1.8407389677714269e+002
  7.9000000000000279e+000   1.8475361412524290e+002  -4.0000000000000000e+000   1.8421914316361941e+002
  8.0000000000000284e+000   1.8489870862896626e+002  -4.0000000000000000e+000   1.8436404194953730e+002
  8.1000000000000281e+000   1.8504345985608165e+002  -4.0000000000000000e+000   1.8450859713669931e+002
  8.2000000000000277e+000   1.8518787051685379e+002  -4.0000000000000000e+000   1.8465281150466046e+002
  8.3000000000000274e+000   1.8533194321788594e+002  -4.0000000000000000e+000   1.8479668772860032e+002
  8.4000000000000270e+000   1.8547568042817025e+002  -4.0000000000000000e+000   1.8494022833572623e+002
  8.5000000000000266e+000   1.8561908435820845e+002  -4.0000000000000000e+000   1.8508343559230582e+002
  8.6000000000000263e+000   1.8576215731589130e+002  -4.0000000000000000e+000   1.8522631185631047e+002
  8.7000000000000259e+000   1.8590490183085990e+002  -4.0000000000000000e+000   1.8536885971518132e+002
  8.8000000000000256e+000   1.8604732021729743e+002  -4.0000000000000000e+000   1.8551108153534582e+002
  8.9000000000000252e+000   1.8618941395999764e+002  -4.0000000000000000e+000   1.8565297882757000e+002
  9.0000000000000249e+000   1.8633118530572827e+002  -4.0000000000000000e+000   1.8579455388936475e+002
  9.1000000000000245e+000   1.8647263572470146e+002  -4.0000000000000000e+000   1.8593580821950476e+002
  9.2000000000000242e+000   1.8661376687864558e+002  -4.0000000000000000e+000   1.8607674351340219e+002
  9.3000000000000238e+000   1.8675458028368973e+002  -4.0000000000000000e+000   1.8621736132191546e+002
  9.4000000000000234e+000   1.8689507737598313e+002  -4.0000000000000000e+000   1.8635766308992257e+002
  9.5000000000000231e+000   1.8703525925502078e+002  -4.0000000000000000e+000   1.8649764994416464e+002
  9.6000000000000227e+000   1.8717512712935465e+002  -4.0000000000000000e+000   1.8663732311240733e+002
  9.7000000000000224e+000   1.8731468198416184e+002  -4.0000000000000000e+000   1.8677668359615498e+002
  9.8000000000000220e+000   1.8745392505125366e+002  -4.0000000000000000e+000   1.8691573264933388e+002
  9.9000000000000217e+000   1.8759285724404450e+002  -4.0000000000000000e+000   1.8705447118928933e+002
  1.0000000000000021e+001   1.8773147993743046e+002  -4.0000000000000000e+000   1.8719290061596934e+002
