  0.0000000000000000e+000   1.5000000000000000e+000  -4.0000000000000000e+000   1.5000000000000000e+000
  1.0000000000000023e-001   3.2180872396682592e+000  -3.9278808917270127e+000   1.9600815402925871e+000
  2.0000000000000046e-001   8.4702802431752762e+000  -3.6118413633766204e+000   4.4067980603526786e+000
  3.0000000000000071e-001   1.4598067558497672e+001  -3.0557769517952873e+000   9.6619460554501373e+000
  4.0000000000000091e-001   2.0715754569470160e+001  -2.2936224139807795e+000   1.6194883361683669e+001
  5.0000000000000111e-001   2.6724531280523731e+001  -1.3452959501525639e+000   2.2844222714025424e+001
  6.0000000000000131e-001   3.2544494114562823e+001  -2.2145911334479074e-001   2.9297361926122996e+001
  7.0000000000000151e-001   3.8130810374583611e+001   1.0704261921821177e+000   3.5486295303749166e+001
  8.0000000000000171e-001   4.3467626025681483e+001   2.5235002289501773e+000   4.1393700702918935e+001
  9.0000000000000191e-001   4.8554692114729129e+001   4.1309206660129423e+000   4.7010894821862259e+001
  1.0000000000000022e+000   5.3399134851719097e+001   5.8856239543124449e+000   5.2329868330023416e+001
  1.1000000000000025e+000   5.8008079192439958e+001   7.6666804857060828e+000   5.7333591215462043e+001
  1.2000000000000028e+000   6.2373043706325099e+001   9.3607318604528533e+000   6.1991576806553866e+001
  1.3000000000000032e+000   6.6469289357743293e+001   1.0972112918173838e+001   6.6292392457353529e+001
  1.4000000000000035e+000   7.0266378509670929e+001   1.2504881079833805e+001   7.0231327672462740e+001
  1.5000000000000038e+000   7.3731869603856566e+001   1.3962883411725947e+001   7.3800900890848112e+001
  1.6000000000000041e+000   7.6819795305423028e+001   1.5349778336946539e+001   7.7010440629556101e+001
  1.7000000000000044e+000   7.9485991921413358e+001   1.6669033417808262e+001   7.9848987667912112e+001
  1.8000000000000047e+000   8.1679392741841284e+001   1.7923947510682929e+001   8.2289290052008184e+001
  1.9000000000000050e+000   8.3340988157231479e+001   1.9117658845380948e+001   8.4294673950038344e+001
  2.0000000000000053e+000   8.4520594942058423e+001   2.0253152106381709e+001   8.5877935353795706e+001
  2.1000000000000054e+000   8.5227392669798576e+001   2.1333266596411729e+001   8.7061894877939721e+001
  2.2000000000000055e+000   8.5565544118122062e+001   2.2360703306510551e+001   8.7883113932755379e+001
  2.3000000000000056e+000   8.5700209838674795e+001   2.3338031719063050e+001   8.8441631996792040e+001
  2.4000000000000057e+000   8.5765327137762341e+001   2.4267694574356298e+001   8.8851094134681077e+001
  2.5000000000000058e+000   8.5837613434026935e+001   2.5152017237009002e+001   8.9201307377369687e+001
  2.6000000000000059e+000   8.5949007093288117e+001   2.5993211306080042e+001   8.9547855408971856e+001
  2.7000000000000060e+000   8.6106308333912878e+001   2.6793379880076554e+001   8.9917662774734367e+001
  2.8000000000000060e+000   8.6305217231191207e+001   2.7554523737160302e+001   9.0319487795015647e+001
  2.9000000000000061e+000   8.6537538221711017e+001   2.8278546155853533e+001   9.0752183628071023e+001
  3.0000000000000062e+000   8.6794736777911055e+001   2.8967257577478364e+001   9.1210228016760411e+001
  3.1000000000000063e+000   8.7069306990620518e+001   2.9622380160770177e+001   9.1686805483490645e+001
  3.2000000000000064e+000   8.7355207476512163e+001   3.0245552028960674e+001   9.2175339507508482e+001
  3.3000000000000065e+000   8.7647857306776629e+001   3.0838331443431755e+001   9.2670266511091697e+001
  3.4000000000000066e+000   8.7943825860107893e+001   3.1402200670285580e+001   9.3167102652917393e+001
  3.5000000000000067e+000   8.8240582190536557e+001   3.1938569660776622e+001   9.3662328486709299e+001
  3.6000000000000068e+000   8.8536284031813409e+001   3.2448779604033554e+001   9.4153288740756338e+001
  3.7000000000000068e+000   8.8829565964680626e+001   3.2934106290438301e+001   9.4638004157052350e+001
  3.8000000000000069e+000   8.9119398143546661e+001   3.3395763294180298e+001   9.5114997832469896e+001
  3.9000000000000070e+000   8.9404975497214025e+001   3.3834905071088286e+001   9.5583141717716430e+001
  4.0000000000000071e+000   8.9685699275922687e+001   3.4252633026980760e+001   9.6041564678674533e+001
  4.1000000000000076e+000   9.0124910350863175e+001   3.4649981643246981e+001   9.6506435849460928e+001
  4.2000000000000082e+000   9.1174706042515808e+001   3.5027954498635744e+001   9.7223277395719791e+001
  4.3000000000000087e+000   9.2238026362472382e+001   3.5387493400342741e+001   9.8200362285567621e+001
  4.4000000000000092e+000   9.3199792664568847e+001   3.5729497382899005e+001   9.9259921059348727e+001
  4.5000000000000098e+000   9.4077276840886555e+001   3.6054821634401989e+001   1.0030638734147843e+002
  4.6000000000000103e+000   9.4892235318976262e+001   3.6364279634979525e+001   1.0130729702343321e+002
  4.7000000000000108e+000   9.5657708184065058e+001   3.6658645165823096e+001   1.0225633065221633e+002
  4.8000000000000114e+000   9.6381157283830277e+001   3.6938654010959162e+001   1.0315546558592699e+002
  4.9000000000000119e+000   9.7067418851388837e+001   3.7205005908706326e+001   1.0400855817590814e+002
  5.0000000000000124e+000   9.7720080081238734e+001   3.7458367397895593e+001   1.0481950777247107e+002
  5.1000000000000130e+000   9.8342012573508683e+001   3.7699372571363362e+001   1.0559179859820573e+002
  5.2000000000000135e+000   9.8935641738094347e+001   3.7928625423931685e+001   1.0632845111071926e+002
  5.3000000000000140e+000   9.9503007237695940e+001   3.8146697841488006e+001   1.0703203374653005e+002
  5.4000000000000146e+000   1.0004589493519737e+002   3.8354134060074166e+001   1.0770477568447345e+002
  5.5000000000000151e+000   1.0056594825178723e+002   3.8551471214977248e+001   1.0834873064839911e+002
  5.6000000000000156e+000   1.0106455072048288e+002   3.8739197826720734e+001   1.0896563427030225e+002
  5.7000000000000162e+000   1.0154293486443196e+002   3.8917780223566290e+001   1.0955703123190148e+002
  5.8000000000000167e+000   1.0200205049018714e+002   3.9087598381858186e+001   1.1012411319148266e+002
  5.9000000000000172e+000   1.0244306794183700e+002   3.9249137196762888e+001   1.1066835895248620e+002
  6.0000000000000178e+000   1.0286691009877661e+002   3.9402803698221120e+001   1.1119092792858140e+002
  6.1000000000000183e+000   1.0327439609218638e+002   3.9548977747669262e+001   1.1169285963221834e+002
  6.2000000000000188e+000   1.0366628364266390e+002   3.9688022490121881e+001   1.1217511433215581e+002
  6.3000000000000194e+000   1.0404328280932513e+002   3.9820286056820564e+001   1.1263859057485375e+002
  6.4000000000000199e+000   1.0440604500959226e+002   3.9946098884530528e+001   1.1308411943116774e+002
  6.5000000000000204e+000   1.0475517797214442e+002   4.0065775986700629e+001   1.1351247744915449e+002
  6.6000000000000210e+000   1.0509124726182320e+002   4.0179616079576519e+001   1.1392438767260174e+002
  6.7000000000000215e+000   1.0541478888330431e+002   4.0287906035604003e+001   1.1432053706945740e+002
  6.8000000000000220e+000   1.0572629761878909e+002   4.0390915371750282e+001   1.1470156099477644e+002
  6.9000000000000226e+000   1.0602624076230680e+002   4.0488900611348093e+001   1.1506805986294303e+002
  7.0000000000000231e+000   1.0631506171379650e+002   4.0582106532456613e+001   1.1542060455337086e+002
  7.1000000000000236e+000   1.0659318185136249e+002   4.0670766461521751e+001   1.1575973826988296e+002
  7.2000000000000242e+000   1.0686100332956603e+002   4.0755102718927667e+001   1.1608597910411699e+002
  7.3000000000000247e+000   1.0711890333940123e+002   4.0835325799351054e+001   1.1639981475861130e+002
  7.4000000000000252e+000   1.0736724986983513e+002   4.0911637624496016e+001   1.1670171869404373e+002
  7.5000000000000258e+000   1.0760638522508418e+002   4.0984227899337220e+001   1.1699213287555965e+002
  7.6000000000000263e+000   1.0783664061823978e+002   4.1053278130198208e+001   1.1727148436634674e+002
  7.7000000000000268e+000   1.0805833702071406e+002   4.1118961819404959e+001   1.1754018622740851e+002
  7.8000000000000274e+000   1.0827177255843580e+002   4.1181440845953404e+001   1.1779862274469744e+002
  7.9000000000000279e+000   1.0847724766461660e+002   4.1240874255302373e+001   1.1804718027233477e+002
  8.0000000000000284e+000   1.0867503681060401e+002   4.1297407550079136e+001   1.1828621190061109e+002
  8.1000000000000281e+000   1.0886541648921427e+002   4.1351184547475818e+001   1.1851607251417295e+002
  8.2000000000000277e+000   1.0904864526247283e+002   4.1402338255534438e+001   1.1873709386518155e+002
  8.3000000000000274e+000   1.0922497838478280e+002   4.1450998606219351e+001   1.1894960281627651e+002
  8.4000000000000270e+000   1.0939466144365426e+002   4.1497288751929766e+001   1.1915391340828083e+002
  8.5000000000000266e+000   1.0955792280328767e+002   4.1541320726682194e+001   1.1935031743442737e+002
  8.6000000000000263e+000   1.0971498601876294e+002   4.1583202834206887e+001   1.1953909994822034e+002
  8.7000000000000259e+000   1.0986608298125584e+002   4.1623048354895381e+001   1.1972055580625775e+002
  8.8000000000000256e+000   1.1001141485252437e+002   4.1660950262777810e+001   1.1989494058721645e+002
  8.9000000000000252e+000   1.1015118107445628e+002   4.1697000000370096e+001   1.2006250703878212e+002
  9.0000000000000249e+000   1.1028558720449276e+002   4.1731293652395493e+001   1.2022351588084356e+002
  9.1000000000000245e+000   1.1041482404163249e+002   4.1763916911796848e+001   1.2037820825414656e+002
  9.2000000000000242e+000   1.1053906982894335e+002   4.1794946666042243e+001   1.2052680862736374e+002
  9.3000000000000238e+000   1.1065850246160531e+002   4.1824460133783788e+001   1.2066954106766126e+002
  9.4000000000000234e+000   1.1077330322670923e+002   4.1852538173989153e+001   1.2080663445825355e+002
  9.5000000000000231e+000   1.1088363233791554e+002   4.1879245522585542e+001   1.2093828922730179e+002
  9.6000000000000227e+000   1.1098964867983740e+002   4.1904646742176816e+001   1.2106470419885247e+002
  9.7000000000000224e+000   1.1109151510988488e+002   4.1928811435695728e+001   1.2118608395166292e+002
  9.8000000000000220e+000   1.1118938020538999e+002   4.1951797874646736e+001   1.2130261373669353e+002
  9.9000000000000217e+000   1.1128338755515706e+002   4.1973661333081154e+001   1.2141447224525440e+002
  1.0000000000000000e+001   1.1137368133700633e+002   4.1994459292779496e+001   1.2152183938182836e+002
