  0.0000000000000000e+000   1.5000000000000000e+000  -4.0000000000000000e+000   1.5000000000000000e+000
  1.0000000000000023e-001   3.2180872396682592e+000  -3.9278808917270127e+000   1.9600815402925871e+000
  2.0000000000000046e-001   8.4702802431752762e+000  -3.6118413633766204e+000   4.4067980603526786e+000
  3.0000000000000071e-001   1.4598067558497672e+001  -3.0557769517952873e+000   9.6619460554501373e+000
  4.0000000000000091e-001   2.0715754569470160e+001  -2.2936224139807795e+000   1.6194883361683669e+001
  5.0000000000000111e-001   2.6724531280523731e+001  -1.3452959501525639e+000   2.2844222714025424e+001
  6.0000000000000131e-001   3.2544494114562823e+001  -2.2145911334479074e-001   2.9297361926122996e+001
  7.0000000000000151e-001   3.8130810374583611e+001   1.0704261921821177e+000   3.5486295303749166e+001
  8.0000000000000171e-001   4.3467626025681483e+001   2.5235002289501773e+000   4.1393700702918935e+001
  9.0000000000000191e-001   4.8554692114729129e+001   4.1309206660129423e+000   4.7010894821862259e+001
  1.0000000000000022e+000   5.3381671512060954e+001   2.5646010580240111e+000   5.2162183666237176e+001
  1.1000000000000025e+000   5.7607479527766017e+001  -1.1500234986992779e+000   5.6182957715996224e+001
  1.2000000000000028e+000   6.1137622984117932e+001  -2.7993980659699087e+000   5.9663487369414085e+001
  1.3000000000000032e+000   6.4133089258803196e+001  -3.5050132517727843e+000   6.2753127997161634e+001
  1.4000000000000035e+000   6.6705711981219409e+001  -3.7991728186939278e+000   6.5479928027071409e+001
  1.5000000000000038e+000   6.8918450473761510e+001  -3.9194831882139702e+000   6.7857798858389813e+001
  1.6000000000000041e+000   7.0807205984096399e+001  -3.9680299108243755e+000   6.9901562851460895e+001
  1.7000000000000044e+000   7.2395346438034110e+001  -3.9873677771310208e+000   7.1627546252185994e+001
  1.8000000000000047e+000   7.3701246026797790e+001  -3.9949652543260701e+000   7.3052914742357544e+001
  1.9000000000000050e+000   7.4741810248662858e+001  -3.9980425458567685e+000   7.4195281005292003e+001
  2.0000000000000053e+000   7.5534037432352036e+001  -3.9992408315689807e+000   7.5073378553123561e+001
  2.1000000000000054e+000   7.6095758960734557e+001  -3.9997047578163420e+000   7.5706827876405470e+001
  2.2000000000000055e+000   7.6446553189357857e+001  -3.9998863378505196e+000   7.6116858089616684e+001
  2.3000000000000056e+000   7.6608205606265727e+001  -3.9999560535442193e+000   7.6326663415639388e+001
  2.4000000000000057e+000   7.6605520387734174e+001  -3.9999835567918516e+000   7.6362137738651697e+001
  2.5000000000000058e+000   7.6466991331897162e+001  -3.9999937702030364e+000   7.6252605113228256e+001
  2.6000000000000059e+000   7.6224228536968852e+001  -3.9999976312992112e+000   7.6030391873244270e+001
  2.7000000000000060e+000   7.5911363710751360e+001  -3.9999991058632309e+000   7.5730288448140485e+001
  2.8000000000000060e+000   7.5563012370183969e+001  -3.9999996629053252e+000   7.5387588664638997e+001
  2.9000000000000061e+000   7.5212160780442815e+001  -3.9999998729266406e+000   7.5036019635281960e+001
  3.0000000000000062e+000   7.4888009519932837e+001  -3.9999999521323129e+000   7.4705642618057055e+001
  3.1000000000000063e+000   7.4613904032807199e+001  -3.9999999821255514e+000   7.4420841217587082e+001
  3.2000000000000064e+000   7.4405767693037816e+001  -3.9999999933188204e+000   7.4198793768229820e+001
  3.3000000000000065e+000   7.4271431730343849e+001  -3.9999999975132980e+000   7.4048782889227013e+001
  3.4000000000000066e+000   7.4210772441980978e+001  -3.9999999990458863e+000   7.3972240784807127e+001
  3.5000000000000067e+000   7.4216804937412547e+001  -3.9999999996268807e+000   7.3963673612160292e+001
  3.6000000000000068e+000   7.4277462516628731e+001  -3.9999999998613527e+000   7.4012242018325026e+001
  3.7000000000000068e+000   7.4377877163461307e+001  -3.9999999999477218e+000   7.4103877149901805e+001
  3.8000000000000069e+000   7.4502225664215231e+001  -3.9999999999807310e+000   7.4223075678597027e+001
  3.9000000000000070e+000   7.4635636071534378e+001  -3.9999999999930864e+000   7.4354814856581996e+001
  4.0000000000000071e+000   7.4765349476795024e+001  -3.9999999999974092e+000   7.4485840279617491e+001
  4.1000000000000076e+000   7.4881391776624696e+001  -3.9999999999990834e+000   7.4605485488907576e+001
  4.2000000000000082e+000   7.4976866776708334e+001  -3.9999999999996776e+000   7.4706074129666064e+001
  4.3000000000000087e+000   7.5047842110761096e+001  -3.9999999999998757e+000   7.4782942532611571e+001
  4.4000000000000092e+000   7.5093021412232147e+001  -3.9999999999999534e+000   7.4834157137203292e+001
  4.5000000000000098e+000   7.5113455979896600e+001  -3.9999999999999822e+000   7.4860228154011978e+001
  4.6000000000000103e+000   7.5112009354152605e+001  -3.9999999999999938e+000   7.4863639721326322e+001
  4.7000000000000108e+000   7.5092849049803363e+001  -3.9999999999999978e+000   7.4848312402132848e+001
  4.8000000000000114e+000   7.5060894861439465e+001  -3.9999999999999991e+000   7.4819048471270506e+001
  4.9000000000000119e+000   7.5021259176652649e+001  -3.9999999999999996e+000   7.4780918162072609e+001
  5.0000000000000124e+000   7.4978858425418494e+001  -4.0000000000000000e+000   7.4738966870056700e+001
  5.1000000000000130e+000   7.4938020955872418e+001  -4.0000000000000000e+000   7.4697599676111665e+001
  5.2000000000000135e+000   7.4902195434584684e+001  -4.0000000000000000e+000   7.4660548188753410e+001
  5.3000000000000140e+000   7.4873789470484112e+001  -4.0000000000000000e+000   7.4630401962079176e+001
  5.4000000000000146e+000   7.4854120453940737e+001  -4.0000000000000000e+000   7.4608723318852739e+001
  5.5000000000000151e+000   7.4843534108080334e+001  -4.0000000000000000e+000   7.4596084216574667e+001
  5.6000000000000156e+000   7.4841482928399472e+001  -4.0000000000000000e+000   7.4592128160023691e+001
  5.7000000000000162e+000   7.4846758037261750e+001  -4.0000000000000000e+000   7.4595793999613861e+001
  5.8000000000000167e+000   7.4857663025026724e+001  -4.0000000000000000e+000   7.4605479129615247e+001
  5.9000000000000172e+000   7.4872321821668351e+001  -4.0000000000000000e+000   7.4619349314871087e+001
  6.0000000000000178e+000   7.4888863232020228e+001  -4.0000000000000000e+000   7.4635528335220101e+001
  6.1000000000000183e+000   7.4905576829716992e+001  -4.0000000000000000e+000   7.4652262097006371e+001
  6.2000000000000188e+000   7.4921035523552490e+001  -4.0000000000000000e+000   7.4668050069100985e+001
  6.3000000000000194e+000   7.4934216816900971e+001  -4.0000000000000000e+000   7.4681783212235956e+001
  6.4000000000000199e+000   7.4944494967838608e+001  -4.0000000000000000e+000   7.4692747293538147e+001
  6.5000000000000204e+000   7.4951570714192556e+001  -4.0000000000000000e+000   7.4700552529863586e+001
  6.6000000000000210e+000   7.4955533511939976e+001  -4.0000000000000000e+000   7.4705216468911544e+001
  6.7000000000000215e+000   7.4956714596699001e+001  -4.0000000000000000e+000   7.4707011056965342e+001
  6.8000000000000220e+000   7.4955643394616672e+001  -4.0000000000000000e+000   7.4706423968783724e+001
  6.9000000000000226e+000   7.4952967383784895e+001  -4.0000000000000000e+000   7.4704082109664171e+001
  7.0000000000000231e+000   7.4949365741718694e+001  -4.0000000000000000e+000   7.4700661820625541e+001
  7.1000000000000236e+000   7.4945470005092815e+001  -4.0000000000000000e+000   7.4696805426308970e+001
  7.2000000000000242e+000   7.4941825680317734e+001  -4.0000000000000000e+000   7.4693080356181156e+001
  7.3000000000000247e+000   7.4938859351117003e+001  -4.0000000000000000e+000   7.4689941980162203e+001
  7.4000000000000252e+000   7.4936848597481756e+001  -4.0000000000000000e+000   7.4687703615734847e+001
  7.5000000000000258e+000   7.4935927406085696e+001  -4.0000000000000000e+000   7.4686527394960976e+001
  7.6000000000000263e+000   7.4936175036377762e+001  -4.0000000000000000e+000   7.4686524971048911e+001
  7.7000000000000268e+000   7.4937341357483632e+001  -4.0000000000000000e+000   7.4687467081068547e+001
  7.8000000000000274e+000   7.4939325006540400e+001  -4.0000000000000000e+000   7.4689267731216063e+001
  7.9000000000000279e+000   7.4941925751737983e+001  -4.0000000000000000e+000   7.4691736536418375e+001
  8.0000000000000284e+000   7.4944900120363627e+001  -4.0000000000000000e+000   7.4694634204681321e+001
  8.1000000000000281e+000   7.4948005065708941e+001  -4.0000000000000000e+000   7.4697715643204802e+001
  8.2000000000000277e+000   7.4951033154774009e+001  -4.0000000000000000e+000   7.4700763824994951e+001
  8.3000000000000274e+000   7.4953841176457203e+001  -4.0000000000000000e+000   7.4703626089266137e+001
  8.4000000000000270e+000   7.4956319066005705e+001  -4.0000000000000000e+000   7.4706180764410902e+001
  8.5000000000000266e+000   7.4958407786532092e+001  -4.0000000000000000e+000   7.4708356978573292e+001
  8.6000000000000263e+000   7.4960096892068890e+001  -4.0000000000000000e+000   7.4710133739778215e+001
  8.7000000000000259e+000   7.4961416490511823e+001  -4.0000000000000000e+000   7.4711531756507355e+001
  8.8000000000000256e+000   7.4962432891943564e+001  -4.0000000000000000e+000   7.4712611844709983e+001
  8.9000000000000252e+000   7.4963221433170730e+001  -4.0000000000000000e+000   7.4713445947247251e+001
  9.0000000000000249e+000   7.4963867594462215e+001  -4.0000000000000000e+000   7.4714118074031774e+001
  9.1000000000000245e+000   7.4964454032450320e+001  -4.0000000000000000e+000   7.4714711723796512e+001
  9.2000000000000242e+000   7.4965054943787990e+001  -4.0000000000000000e+000   7.4715303721760037e+001
  9.3000000000000238e+000   7.4965730360645750e+001  -4.0000000000000000e+000   7.4715958367241953e+001
  9.4000000000000234e+000   7.4966513788802700e+001  -4.0000000000000000e+000   7.4716713510406706e+001
  9.5000000000000231e+000   7.4967421370384372e+001  -4.0000000000000000e+000   7.4717588860008604e+001
  9.6000000000000227e+000   7.4968456605357545e+001  -4.0000000000000000e+000   7.4718592071617351e+001
  9.7000000000000224e+000   7.4969609035799692e+001  -4.0000000000000000e+000   7.4719715380078185e+001
  9.8000000000000220e+000   7.4970858292883847e+001  -4.0000000000000000e+000   7.4720940895347823e+001
  9.9000000000000217e+000   7.4972176890703750e+001  -4.0000000000000000e+000   7.4722242509925209e+001
  1.0000000000000021e+001   7.4973534250081087e+001  -4.0000000000000000e+000   7.4723590013549781e+001
