  0.0000000000000000e+000   1.5000000000000000e+000  -4.0000000000000000e+000   1.5000000000000000e+000
  1.0000000000000023e-001   7.3778297498587619e+000  -3.9278808624784189e+000   2.5492952604987380e+000
  2.0000000000000046e-001   2.1190826256889025e+001  -3.6118414814458153e+000   8.8986508695778817e+000
  3.0000000000000071e-001   3.3891240608739800e+001  -3.0557713733799492e+000   1.9911204922955207e+001
  4.0000000000000091e-001   4.6117793871236842e+001  -2.2936208664158295e+000   3.2154396649228786e+001
  5.0000000000000111e-001   5.7788773599410149e+001  -1.3453093403286132e+000   4.4548681003230406e+001
  6.0000000000000131e-001   6.8979097953716305e+001  -2.2148590486902897e-001   5.6768022167700629e+001
  7.0000000000000151e-001   7.9710883899208156e+001   1.0703796651610000e+000   6.8689581750263883e+001
  8.0000000000000171e-001   8.9998375912806424e+001   2.5234507977848217e+000   8.0254583812982446e+001
  9.0000000000000191e-001   9.9848288711192652e+001   4.1308375338722385e+000   9.1427260207087926e+001
  1.0000000000000022e+000   1.0926197094853126e+002   4.4808615840585002e+000   1.0214449459264304e+002
  1.1000000000000025e+000   1.1809050999427089e+002  -3.1816046331153958e-001   1.1130880472290507e+002
  1.2000000000000028e+000   1.2606311467255978e+002  -2.4489724688258123e+000   1.1938471005050690e+002
  1.3000000000000032e+000   1.3317632455622561e+002  -3.3605344537944593e+000   1.2684943626848400e+002
  1.4000000000000035e+000   1.3949480455985631e+002  -3.7405743781830498e+000   1.3375539384439821e+002
  1.5000000000000038e+000   1.4506995694306013e+002  -3.8959935868695843e+000   1.4005267639069911e+002
  1.6000000000000041e+000   1.4993516855490540e+002  -3.9587296877146083e+000   1.4568457950081856e+002
  1.7000000000000044e+000   1.5411772818556813e+002  -3.9836677610885021e+000   1.5061314560625888e+002
  1.8000000000000047e+000   1.5765053164175271e+002  -3.9935562149519814e+000   1.5482608198500637e+002
  1.9000000000000050e+000   1.6057904315394998e+002  -3.9974953722992561e+000   1.5833925141130086e+002
  2.0000000000000053e+000   1.6296232851274277e+002  -3.9990324781404123e+000   1.6119726804537950e+002
  2.1000000000000054e+000   1.6486998099386179e+002  -3.9996226430396562e+000   1.6347007872633776e+002
  2.2000000000000055e+000   1.6637637455025688e+002  -3.9998489605732561e+000   1.6524446721237902e+002
  2.3000000000000056e+000   1.6755495279834807e+002  -3.9999396418303865e+000   1.6661304001882374e+002
  2.4000000000000057e+000   1.6847389121069614e+002  -3.9999762371868290e+000   1.6766396262867775e+002
  2.5000000000000058e+000   1.6919324397453656e+002  -3.9999909621223440e+000   1.6847410913840056e+002
  2.6000000000000059e+000   1.6976305547939464e+002  -3.9999965221955822e+000   1.6910591714792974e+002
  2.7000000000000060e+000   1.7022315084594015e+002  -3.9999986724582230e+000   1.6960839370466059e+002
  2.8000000000000060e+000   1.7060411051920693e+002  -3.9999994742762546e+000   1.7001821231656240e+002
  2.9000000000000061e+000   1.7092874531487115e+002  -3.9999997845156776e+000   1.7036255603549765e+002
  3.0000000000000062e+000   1.7121365450971021e+002  -3.9999999135747974e+000   1.7066093978275643e+002
  3.1000000000000063e+000   1.7147054643354190e+002  -3.9999999659748893e+000   1.7092704067747377e+002
  3.2000000000000064e+000   1.7170757316573003e+002  -3.9999999865253053e+000   1.7117038820681185e+002
  3.3000000000000065e+000   1.7193032097045784e+002  -3.9999999943732281e+000   1.7139751752792350e+002
  3.4000000000000066e+000   1.7214266640386904e+002  -3.9999999974333083e+000   1.7161292703967808e+002
  3.5000000000000067e+000   1.7234735548523369e+002  -3.9999999988386366e+000   1.7181978013916495e+002
  3.6000000000000068e+000   1.7254616181457314e+002  -3.9999999994420978e+000   1.7202012850249710e+002
  3.7000000000000068e+000   1.7274041283439004e+002  -3.9999999997040279e+000   1.7221549932387586e+002
  3.8000000000000069e+000   1.7293104370253167e+002  -3.9999999998368891e+000   1.7240695499875841e+002
  3.9000000000000070e+000   1.7311870192602589e+002  -3.9999999999134137e+000   1.7259522707657840e+002
  4.0000000000000071e+000   1.7330386182509861e+002  -3.9999999999623581e+000   1.7278084765242153e+002
  4.1000000000000076e+000   1.7348688264581364e+002  -4.0000000000000000e+000   1.7296421577481237e+002
  4.2000000000000082e+000   1.7366799825071703e+002  -4.0000000000000000e+000   1.7314558563602588e+002
  4.3000000000000087e+000   1.7384743068688778e+002  -4.0000000000000000e+000   1.7332519937663122e+002
  4.4000000000000092e+000   1.7402534497940860e+002  -4.0000000000000000e+000   1.7350323609247650e+002
  4.5000000000000098e+000   1.7420190184509636e+002  -4.0000000000000000e+000   1.7367986892661870e+002
  4.6000000000000103e+000   1.7437722436088481e+002  -4.0000000000000000e+000   1.7385522917213439e+002
  4.7000000000000108e+000   1.7455141480898260e+002  -4.0000000000000000e+000   1.7402942527612555e+002
  4.8000000000000114e+000   1.7472455908561091e+002  -4.0000000000000000e+000   1.7420254771448018e+002
  4.9000000000000119e+000   1.7489673098349647e+002  -4.0000000000000000e+000   1.7437467408808772e+002
  5.0000000000000124e+000   1.7506799543271774e+002  -4.0000000000000000e+000   1.7454587250357085e+002
  5.1000000000000130e+000   1.7523840864073409e+002  -4.0000000000000000e+000   1.7471620177112524e+002
  5.2000000000000135e+000   1.7540801958753337e+002  -4.0000000000000000e+000   1.7488571304864962e+002
  5.3000000000000140e+000   1.7557687651384600e+002  -4.0000000000000000e+000   1.7505445663999399e+002
  5.4000000000000146e+000   1.7574502012267916e+002  -4.0000000000000000e+000   1.7522247490192950e+002
  5.5000000000000151e+000   1.7591248602819539e+002  -4.0000000000000000e+000   1.7538980484378504e+002
  5.6000000000000156e+000   1.7607930637005589e+002  -4.0000000000000000e+000   1.7555647983044821e+002
  5.7000000000000162e+000   1.7624551103991098e+002  -4.0000000000000000e+000   1.7572253087762704e+002
  5.8000000000000167e+000   1.7641112294481735e+002  -4.0000000000000000e+000   1.7588798166547318e+002
  5.9000000000000172e+000   1.7657616653807878e+002  -4.0000000000000000e+000   1.7605285755522183e+002
  6.0000000000000178e+000   1.7674065975615486e+002  -4.0000000000000000e+000   1.7621717705715659e+002
  6.1000000000000183e+000   1.7690462307866454e+002  -4.0000000000000000e+000   1.7638096139467268e+002
  6.2000000000000188e+000   1.7706807303295170e+002  -4.0000000000000000e+000   1.7654422764925030e+002
  6.3000000000000194e+000   1.7723102591335916e+002  -4.0000000000000000e+000   1.7670699267526203e+002
  6.4000000000000199e+000   1.7739349600617214e+002  -4.0000000000000000e+000   1.7686927121924504e+002
  6.5000000000000204e+000   1.7755549628669959e+002  -4.0000000000000000e+000   1.7703107668221037e+002
  6.6000000000000210e+000   1.7771703841046443e+002  -4.0000000000000000e+000   1.7719242109102001e+002
  6.7000000000000215e+000   1.7787813358052159e+002  -4.0000000000000000e+000   1.7735331599192585e+002
  6.8000000000000220e+000   1.7803879072499939e+002  -4.0000000000000000e+000   1.7751377057555248e+002
  6.9000000000000226e+000   1.7819901866988883e+002  -4.0000000000000000e+000   1.7767379393052056e+002
  7.0000000000000231e+000   1.7835882625159863e+002  -4.0000000000000000e+000   1.7783339516646888e+002
  7.1000000000000236e+000   1.7851821965719861e+002  -4.0000000000000000e+000   1.7799258062842847e+002
  7.2000000000000242e+000   1.7867720635398814e+002  -4.0000000000000000e+000   1.7815135801500563e+002
  7.3000000000000247e+000   1.7883579265319088e+002  -4.0000000000000000e+000   1.7830973382393924e+002
  7.4000000000000252e+000   1.7899398347857715e+002  -4.0000000000000000e+000   1.7846771310921258e+002
  7.5000000000000258e+000   1.7915178526417500e+002  -4.0000000000000000e+000   1.7862530248148195e+002
  7.6000000000000263e+000   1.7930920227771088e+002  -4.0000000000000000e+000   1.7878250632035730e+002
  7.7000000000000268e+000   1.7946623904095023e+002  -4.0000000000000000e+000   1.7893932926962091e+002
  7.8000000000000274e+000   1.7962290048352784e+002  -4.0000000000000000e+000   1.7909577640868264e+002
  7.9000000000000279e+000   1.7977918987963062e+002  -4.0000000000000000e+000   1.7925185108750978e+002
  8.0000000000000284e+000   1.7993511049661763e+002  -4.0000000000000000e+000   1.7940755665654919e+002
  8.1000000000000281e+000   1.8009066640143382e+002  -4.0000000000000000e+000   1.7956289725822705e+002
  8.2000000000000277e+000   1.8024586044303012e+002  -4.0000000000000000e+000   1.7971787579926115e+002
  8.3000000000000274e+000   1.8040069505302876e+002  -4.0000000000000000e+000   1.7987249475533787e+002
  8.4000000000000270e+000   1.8055517290605894e+002  -4.0000000000000000e+000   1.8002675688102997e+002
  8.5000000000000266e+000   1.8070929715368229e+002  -4.0000000000000000e+000   1.8018066548909576e+002
  8.6000000000000263e+000   1.8086306951222340e+002  -4.0000000000000000e+000   1.8033422231633182e+002
  8.7000000000000259e+000   1.8101649188629358e+002  -4.0000000000000000e+000   1.8048742933556662e+002
  8.8000000000000256e+000   1.8116956709929784e+002  -4.0000000000000000e+000   1.8064028922877284e+002
  8.9000000000000252e+000   1.8132229679709781e+002  -4.0000000000000000e+000   1.8079280366424751e+002
  9.0000000000000249e+000   1.8147468260262653e+002  -4.0000000000000000e+000   1.8094497424550210e+002
  9.1000000000000245e+000   1.8162672628213431e+002  -4.0000000000000000e+000   1.8109680290231049e+002
  9.2000000000000242e+000   1.8177842970002237e+002  -4.0000000000000000e+000   1.8124829189809327e+002
  9.3000000000000238e+000   1.8192979414793811e+002  -4.0000000000000000e+000   1.8139944251047547e+002
  9.4000000000000234e+000   1.8208082096521005e+002  -4.0000000000000000e+000   1.8155025625147198e+002
  9.5000000000000231e+000   1.8223151228843238e+002  -4.0000000000000000e+000   1.8170073427281591e+002
  9.6000000000000227e+000   1.8238186901615626e+002  -4.0000000000000000e+000   1.8185087793839193e+002
  9.7000000000000224e+000   1.8253189231273657e+002  -4.0000000000000000e+000   1.8200068840127759e+002
  9.8000000000000220e+000   1.8268158326554624e+002  -4.0000000000000000e+000   1.8215016670015194e+002
  9.9000000000000217e+000   1.8283094303516208e+002  -4.0000000000000000e+000   1.8229931404361955e+002
  1.0000000000000021e+001   1.8297997334681946e+002  -4.0000000000000000e+000   1.8244813260931716e+002
