  0.0000000000000000e+000   1.5000000000000000e+000  -4.0000000000000000e+000   1.5000000000000000e+000
  1.0000000000000023e-001   5.2688840855944683e+000  -3.9278808741508699e+000   2.2815642625281298e+000
  2.0000000000000046e-001   1.5360670452720028e+001  -3.6118413766955926e+000   6.8659391065189634e+000
  3.0000000000000071e-001   2.5233124157351469e+001  -3.0557716666166543e+000   1.5551204108484853e+001
  4.0000000000000091e-001   3.4785526960281913e+001  -2.2936272091997090e+000   2.5442801142488225e+001
  5.0000000000000111e-001   4.3989966049128078e+001  -1.3452961221124076e+000   3.5415436900296953e+001
  6.0000000000000131e-001   5.2852583677604649e+001  -2.2144803127453239e-001   4.5175464482260573e+001
  7.0000000000000151e-001   6.1378199788815778e+001   1.0704544322580789e+000   5.4640050365048637e+001
  8.0000000000000171e-001   6.9575498077157860e+001   2.5235447790824130e+000   6.3783875011245335e+001
  9.0000000000000191e-001   7.7456884743145807e+001   4.1309298094304729e+000   7.2598699929229312e+001
  1.0000000000000022e+000   8.5037112644187403e+001   5.8856407403310005e+000   8.1081386285513332e+001
  1.1000000000000025e+000   9.2331351198114646e+001   7.6667089486422082e+000   8.9221066711458306e+001
  1.2000000000000028e+000   9.9346198605695491e+001   9.3607490362770189e+000   9.6985416184097403e+001
  1.3000000000000032e+000   1.0607868867282585e+002   1.0972125137746726e+001   1.0435545736882206e+002
  1.4000000000000035e+000   1.1252319748923857e+002   1.2504891689690499e+001   1.1132402135860929e+002
  1.5000000000000038e+000   1.1867509947993325e+002   1.3962896429088946e+001   1.1788875457777553e+002
  1.6000000000000041e+000   1.2453045959526801e+002   1.5349799489385365e+001   1.2405300837297160e+002
  1.7000000000000044e+000   1.3008506408469839e+002   1.6669102924228614e+001   1.2982795571476564e+002
  1.8000000000000047e+000   1.3533397558964248e+002   1.7924009350117743e+001   1.3523036303010954e+002
  1.9000000000000050e+000   1.4027323950873529e+002   1.9117709451705522e+001   1.4027992636991235e+002
  2.0000000000000053e+000   1.4454163802894288e+002   7.5800483759355579e+000   1.4423963128614969e+002
  2.1000000000000054e+000   1.4742243478942680e+002   4.4934595733711991e-001   1.4671752984561920e+002
  2.2000000000000055e+000   1.4944668830582324e+002  -2.2971521782532522e+000   1.4857521181833559e+002
  2.3000000000000056e+000   1.5094636103923773e+002  -3.3504965530854167e+000   1.5007425303790788e+002
  2.4000000000000057e+000   1.5209637575510681e+002  -3.7528479618141897e+000   1.5129022650473811e+002
  2.5000000000000058e+000   1.5298763932479577e+002  -3.9062154979155150e+000   1.5226210034145672e+002
  2.6000000000000059e+000   1.5367013293107044e+002  -3.9644976534504655e+000   1.5301972537802089e+002
  2.7000000000000060e+000   1.5417539900196900e+002  -3.9866016068354146e+000   1.5359009528415896e+002
  2.8000000000000060e+000   1.5452646293414602e+002  -3.9949460738395413e+000   1.5399597412494319e+002
  2.9000000000000061e+000   1.5474219156766230e+002  -3.9980455406250335e+000   1.5425767240616574e+002
  3.0000000000000062e+000   1.5483931011488983e+002  -3.9992028452192496e+000   1.5439313603436926e+002
  3.1000000000000063e+000   1.5483331363813323e+002  -3.9996727915144317e+000   1.5441894853326664e+002
  3.2000000000000064e+000   1.5473909173248103e+002  -3.9998738738866120e+000   1.5435083879892483e+002
  3.3000000000000065e+000   1.5457141872983937e+002  -3.9999555769074346e+000   1.5420421503817118e+002
  3.4000000000000066e+000   1.5434394072723370e+002  -3.9999847455875166e+000   1.5399321875188804e+002
  3.5000000000000067e+000   1.5407003519458738e+002  -3.9999944705484785e+000   1.5373162331643866e+002
  3.6000000000000068e+000   1.5376338464432342e+002  -3.9999978474412927e+000   1.5343342781305006e+002
  3.7000000000000068e+000   1.5343758650444107e+002  -3.9999991950797993e+000   1.5311252312297714e+002
  3.8000000000000069e+000   1.5310508148847865e+002  -3.9999996909035267e+000   1.5278162276906428e+002
  3.9000000000000070e+000   1.5277746509106646e+002  -3.9999998787592483e+000   1.5245260617339952e+002
  4.0000000000000071e+000   1.5246517279569301e+002  -3.9999999584300063e+000   1.5213621326720732e+002
  4.1000000000000076e+000   1.5217713840810902e+002  -3.9999999842289835e+000   1.5184171991201748e+002
  4.2000000000000082e+000   1.5192056530227191e+002  -3.9999999917220013e+000   1.5157671934618878e+002
  4.3000000000000087e+000   1.5170077928337730e+002  -3.9999999952262533e+000   1.5134696168297464e+002
  4.4000000000000092e+000   1.5152128143254581e+002  -3.9999999981062291e+000   1.5115640812007527e+002
  4.5000000000000098e+000   1.5138366291998423e+002  -3.9999999993256656e+000   1.5100713789469293e+002
  4.6000000000000103e+000   1.5128761758319351e+002  -3.9999999997312217e+000   1.5089933275819126e+002
  4.7000000000000108e+000   1.5123129697961193e+002  -3.9999999999178044e+000   1.5083160002864659e+002
  4.8000000000000114e+000   1.5121145244770605e+002  -3.9999999999712235e+000   1.5080110701599767e+002
  4.9000000000000119e+000   1.5122380780373726e+002  -3.9999999999825837e+000   1.5080391091149380e+002
  5.0000000000000124e+000   1.5126347387951569e+002  -3.9999999999935030e+000   1.5083537558490110e+002
  5.1000000000000130e+000   1.5132520365976814e+002  -3.9999999999975593e+000   1.5089041097780714e+002
  5.2000000000000135e+000   1.5140365543698499e+002  -3.9999999999992601e+000   1.5096374406737499e+002
  5.3000000000000140e+000   1.5149366471830115e+002  -3.9999999999999112e+000   1.5105019230200261e+002
  5.4000000000000146e+000   1.5159042013606910e+002  -3.9999999999999871e+000   1.5114485570773155e+002
  5.5000000000000151e+000   1.5168961179021247e+002  -3.9999999999999809e+000   1.5124328620449049e+002
  5.6000000000000156e+000   1.5178751670134048e+002  -4.0000000000000000e+000   1.5134158587190836e+002
  5.7000000000000162e+000   1.5188100447732614e+002  -4.0000000000000000e+000   1.5143642511387597e+002
  5.8000000000000167e+000   1.5196770469795842e+002  -4.0000000000000000e+000   1.5152523786196971e+002
  5.9000000000000172e+000   1.5204575501471479e+002  -4.0000000000000000e+000   1.5160596152731162e+002
  6.0000000000000178e+000   1.5211389081945237e+002  -4.0000000000000000e+000   1.5167714325577231e+002
  6.1000000000000183e+000   1.5217140669667589e+002  -4.0000000000000000e+000   1.5173790784582346e+002
  6.2000000000000188e+000   1.5221806614035512e+002  -4.0000000000000000e+000   1.5178786923846511e+002
  6.3000000000000194e+000   1.5225386953694306e+002  -4.0000000000000000e+000   1.5182689628967475e+002
  6.4000000000000199e+000   1.5227976993929090e+002  -4.0000000000000000e+000   1.5185584254053765e+002
  6.5000000000000204e+000   1.5229634993582701e+002  -4.0000000000000000e+000   1.5187521241843098e+002
  6.6000000000000210e+000   1.5230464307352466e+002  -4.0000000000000000e+000   1.5188597549513307e+002
  6.7000000000000215e+000   1.5230581729995373e+002  -4.0000000000000000e+000   1.5188925831545700e+002
  6.8000000000000220e+000   1.5230115063308668e+002  -4.0000000000000000e+000   1.5188631837388075e+002
  6.9000000000000226e+000   1.5229203269473331e+002  -4.0000000000000000e+000   1.5187854046161297e+002
  7.0000000000000231e+000   1.5227960746424392e+002  -4.0000000000000000e+000   1.5186707792712556e+002
  7.1000000000000236e+000   1.5226503104726771e+002  -4.0000000000000000e+000   1.5185310569225098e+002
  7.2000000000000242e+000   1.5224941584587646e+002  -4.0000000000000000e+000   1.5183776485209057e+002
  7.3000000000000247e+000   1.5223369692180711e+002  -4.0000000000000000e+000   1.5182202437015073e+002
  7.4000000000000252e+000   1.5221880811616990e+002  -4.0000000000000000e+000   1.5180686276480333e+002
  7.5000000000000258e+000   1.5220546017040411e+002  -4.0000000000000000e+000   1.5179303819729225e+002
  7.6000000000000263e+000   1.5219415425525096e+002  -4.0000000000000000e+000   1.5178109904656185e+002
  7.7000000000000268e+000   1.5218531053389503e+002  -4.0000000000000000e+000   1.5177151346700967e+002
  7.8000000000000274e+000   1.5217915785836888e+002  -4.0000000000000000e+000   1.5176455394523407e+002
  7.9000000000000279e+000   1.5217573789334173e+002  -4.0000000000000000e+000   1.5176030511031217e+002
  8.0000000000000284e+000   1.5217500537881571e+002  -4.0000000000000000e+000   1.5175875689975499e+002
  8.1000000000000281e+000   1.5217682161584429e+002  -4.0000000000000000e+000   1.5175979978647933e+002
  8.2000000000000277e+000   1.5218095955066545e+002  -4.0000000000000000e+000   1.5176323277498810e+002
  8.3000000000000274e+000   1.5218713314301317e+002  -4.0000000000000000e+000   1.5176878883645500e+002
  8.4000000000000270e+000   1.5219501228610696e+002  -4.0000000000000000e+000   1.5177615034496165e+002
  8.5000000000000266e+000   1.5220421897785118e+002  -4.0000000000000000e+000   1.5178494418945624e+002
  8.6000000000000263e+000   1.5221442679123885e+002  -4.0000000000000000e+000   1.5179484568836631e+002
  8.7000000000000259e+000   1.5222525617645610e+002  -4.0000000000000000e+000   1.5180547090390257e+002
  8.8000000000000256e+000   1.5223640920077946e+002  -4.0000000000000000e+000   1.5181651475103328e+002
  8.9000000000000252e+000   1.5224762287445699e+002  -4.0000000000000000e+000   1.5182770484828984e+002
  9.0000000000000249e+000   1.5225865406311820e+002  -4.0000000000000000e+000   1.5183878688361284e+002
  9.1000000000000245e+000   1.5226931602072492e+002  -4.0000000000000000e+000   1.5184956226663280e+002
  9.2000000000000242e+000   1.5227943655188520e+002  -4.0000000000000000e+000   1.5185984499315353e+002
  9.3000000000000238e+000   1.5228887584901301e+002  -4.0000000000000000e+000   1.5186948014937906e+002
  9.4000000000000234e+000   1.5229755771803787e+002  -4.0000000000000000e+000   1.5187837853843516e+002
  9.5000000000000231e+000   1.5230544840753356e+002  -4.0000000000000000e+000   1.5188649389401581e+002
  9.6000000000000227e+000   1.5231255027840115e+002  -4.0000000000000000e+000   1.5189381799256705e+002
  9.7000000000000224e+000   1.5231891046621001e+002  -4.0000000000000000e+000   1.5190038853740586e+002
  9.8000000000000220e+000   1.5232459332685121e+002  -4.0000000000000000e+000   1.5190626353709254e+002
  9.9000000000000217e+000   1.5232967646472417e+002  -4.0000000000000000e+000   1.5191151513868655e+002
  1.0000000000000000e+001   1.5233424921874914e+002  -4.0000000000000000e+000   1.5191622924937698e+002
