  0.0000000000000000e+000   1.5000000000000000e+000  -4.0000000000000000e+000   1.5000000000000000e+000
  1.0000000000000023e-001   5.2688840855944683e+000  -3.9278808741508699e+000   2.2815642625281298e+000
  2.0000000000000046e-001   1.5360670452720028e+001  -3.6118413766955926e+000   6.8659391065189634e+000
  3.0000000000000071e-001   2.5233124157351469e+001  -3.0557716666166543e+000   1.5551204108484853e+001
  4.0000000000000091e-001   3.4785526960281913e+001  -2.2936272091997090e+000   2.5442801142488225e+001
  5.0000000000000111e-001   4.3989966049128078e+001  -1.3452961221124076e+000   3.5415436900296953e+001
  6.0000000000000131e-001   5.2852583677604649e+001  -2.2144803127453239e-001   4.5175464482260573e+001
  7.0000000000000151e-001   6.1378199788815778e+001   1.0704544322580789e+000   5.4640050365048637e+001
  8.0000000000000171e-001   6.9575498077157860e+001   2.5235447790824130e+000   6.3783875011245335e+001
  9.0000000000000191e-001   7.7454716031559045e+001   2.2369443021553064e+000   7.2526225303368491e+001
  1.0000000000000022e+000   8.4863878041854178e+001  -1.2106929206998926e+000   8.0026628123044262e+001
  1.1000000000000025e+000   9.1619715606790038e+001  -2.7890624113138340e+000   8.6791596470945620e+001
  1.2000000000000028e+000   9.7773548721980063e+001  -3.4899266474568433e+000   9.3123638634774039e+001
  1.3000000000000032e+000   1.0341059618853487e+002  -3.7897883793284897e+000   9.9068314405638262e+001
  1.4000000000000035e+000   1.0859426881053770e+002  -3.9147097655514429e+000   1.0461942357488516e+002
  1.5000000000000038e+000   1.1336581434604332e+002  -3.9657687603055845e+000   1.0977045216271745e+002
  1.6000000000000041e+000   1.1775279878776077e+002  -3.9863957534630812e+000   1.1452351436183086e+002
  1.7000000000000044e+000   1.2177605058501014e+002  -3.9945637590816929e+000   1.1888789614420411e+002
  1.8000000000000047e+000   1.2545375741756835e+002  -3.9976716604877183e+000   1.2287744350189342e+002
  1.9000000000000050e+000   1.2880351148535581e+002  -3.9990635103643832e+000   1.2650867255976711e+002
  2.0000000000000053e+000   1.3184302887761632e+002  -3.9996319256813480e+000   1.2979987178028489e+002
  2.1000000000000054e+000   1.3459037284982361e+002  -3.9996103192501304e+000   1.3277051957789453e+002
  2.2000000000000055e+000   1.3706396638172816e+002  -3.9998197680367502e+000   1.3544075656929718e+002
  2.3000000000000056e+000   1.3928245262743454e+002  -4.0000000000000000e+000   1.3783139341714909e+002
  2.4000000000000057e+000   1.4126402287402490e+002  -4.0000000000000000e+000   1.3996284346718582e+002
  2.5000000000000058e+000   1.4302601560229530e+002  -4.0000000000000000e+000   1.4185479010170152e+002
  2.6000000000000059e+000   1.4458626939389526e+002  -4.0000000000000000e+000   1.4352742658149029e+002
  2.7000000000000060e+000   1.4596127022422672e+002  -4.0000000000000000e+000   1.4499939711759640e+002
  2.8000000000000060e+000   1.4716665886044800e+002  -4.0000000000000000e+000   1.4628840277958463e+002
  2.9000000000000061e+000   1.4821706986008033e+002  -4.0000000000000000e+000   1.4741094561860479e+002
  3.0000000000000062e+000   1.4912616542100065e+002  -4.0000000000000000e+000   1.4838234600372212e+002
  3.1000000000000063e+000   1.4990663690533978e+002  -4.0000000000000000e+000   1.4921674009714482e+002
  3.2000000000000064e+000   1.5057019629619180e+002  -4.0000000000000000e+000   1.4992707306074138e+002
  3.3000000000000065e+000   1.5112759536415967e+002  -4.0000000000000000e+000   1.5052514539777212e+002
  3.4000000000000066e+000   1.5158877337087199e+002  -4.0000000000000000e+000   1.5102176524908035e+002
  3.5000000000000067e+000   1.5196243252363777e+002  -4.0000000000000000e+000   1.5142636086526241e+002
  3.6000000000000068e+000   1.5225728238016805e+002  -4.0000000000000000e+000   1.5174827559827307e+002
  3.7000000000000068e+000   1.5248096366326837e+002  -4.0000000000000000e+000   1.5199561088833448e+002
  3.8000000000000069e+000   1.5264063688776707e+002  -4.0000000000000000e+000   1.5217595073365803e+002
  3.9000000000000070e+000   1.5274339660613535e+002  -4.0000000000000000e+000   1.5229671090990837e+002
  4.0000000000000071e+000   1.5279574449586659e+002  -4.0000000000000000e+000   1.5236465583556853e+002
  4.1000000000000076e+000   1.5280386492989311e+002  -4.0000000000000000e+000   1.5238618561038899e+002
  4.2000000000000082e+000   1.5277394338375254e+002  -4.0000000000000000e+000   1.5236768232070941e+002
  4.3000000000000087e+000   1.5271185832530097e+002  -4.0000000000000000e+000   1.5231516441834884e+002
  4.4000000000000092e+000   1.5262266575257169e+002  -4.0000000000000000e+000   1.5223381376552194e+002
  4.5000000000000098e+000   1.5251176684824728e+002  -4.0000000000000000e+000   1.5212914771113006e+002
  4.6000000000000103e+000   1.5238415588857873e+002  -4.0000000000000000e+000   1.5200625727204206e+002
  4.7000000000000108e+000   1.5224498142939524e+002  -4.0000000000000000e+000   1.5187039564593397e+002
  4.8000000000000114e+000   1.5209889737108747e+002  -4.0000000000000000e+000   1.5172631778503691e+002
  4.9000000000000119e+000   1.5195014099679472e+002  -4.0000000000000000e+000   1.5157836243484726e+002
  5.0000000000000124e+000   1.5180262671320619e+002  -4.0000000000000000e+000   1.5143055001028907e+002
  5.1000000000000130e+000   1.5165989433150625e+002  -4.0000000000000000e+000   1.5128649553798482e+002
  5.2000000000000135e+000   1.5152495197434740e+002  -4.0000000000000000e+000   1.5114944727425026e+002
  5.3000000000000140e+000   1.5140034222591837e+002  -4.0000000000000000e+000   1.5102195826458538e+002
  5.4000000000000146e+000   1.5128813641434681e+002  -4.0000000000000000e+000   1.5090627004449456e+002
  5.5000000000000151e+000   1.5118989098123791e+002  -4.0000000000000000e+000   1.5080407775883623e+002
  5.6000000000000156e+000   1.5110667487595947e+002  -4.0000000000000000e+000   1.5071658797710637e+002
  5.7000000000000162e+000   1.5103900813149744e+002  -4.0000000000000000e+000   1.5064445526231773e+002
  5.8000000000000167e+000   1.5098696402726685e+002  -4.0000000000000000e+000   1.5058788396098356e+002
  5.9000000000000172e+000   1.5095023781384830e+002  -4.0000000000000000e+000   1.5054668336957130e+002
  6.0000000000000178e+000   1.5092815472991327e+002  -4.0000000000000000e+000   1.5052029006952918e+002
  6.1000000000000183e+000   1.5091973660955989e+002  -4.0000000000000000e+000   1.5050781845626975e+002
  6.2000000000000188e+000   1.5092376818198724e+002  -4.0000000000000000e+000   1.5050812978308250e+002
  6.3000000000000194e+000   1.5093884066094756e+002  -4.0000000000000000e+000   1.5051987512331709e+002
  6.4000000000000199e+000   1.5096335813434411e+002  -4.0000000000000000e+000   1.5054149792453640e+002
  6.5000000000000204e+000   1.5099573968582268e+002  -4.0000000000000000e+000   1.5057143913775772e+002
  6.6000000000000210e+000   1.5103451894626659e+002  -4.0000000000000000e+000   1.5060823821039773e+002
  6.7000000000000215e+000   1.5107823781744679e+002  -4.0000000000000000e+000   1.5065043186675183e+002
  6.8000000000000220e+000   1.5112551314176511e+002  -4.0000000000000000e+000   1.5069662282745023e+002
  6.9000000000000226e+000   1.5117489236807333e+002  -4.0000000000000000e+000   1.5074532861492713e+002
  7.0000000000000231e+000   1.5122511317388938e+002  -4.0000000000000000e+000   1.5079524961189472e+002
  7.1000000000000236e+000   1.5127512716492390e+002  -4.0000000000000000e+000   1.5084529738266207e+002
  7.2000000000000242e+000   1.5132394945969332e+002  -4.0000000000000000e+000   1.5089443990214806e+002
  7.3000000000000247e+000   1.5137081044177137e+002  -4.0000000000000000e+000   1.5094186005764229e+002
  7.4000000000000252e+000   1.5141507652178754e+002  -4.0000000000000000e+000   1.5098687743697369e+002
  7.5000000000000258e+000   1.5145625994811576e+002  -4.0000000000000000e+000   1.5102895854805863e+002
  7.6000000000000263e+000   1.5149401865383672e+002  -4.0000000000000000e+000   1.5106771776253228e+002
  7.7000000000000268e+000   1.5152814536854495e+002  -4.0000000000000000e+000   1.5110290747041435e+002
  7.8000000000000274e+000   1.5155855426931410e+002  -4.0000000000000000e+000   1.5113440527882418e+002
  7.9000000000000279e+000   1.5158526953750180e+002  -4.0000000000000000e+000   1.5116220340273216e+002
  8.0000000000000284e+000   1.5160839269022784e+002  -4.0000000000000000e+000   1.5118637512671179e+002
  8.1000000000000281e+000   1.5162811001070168e+002  -4.0000000000000000e+000   1.5120708334232430e+002
  8.2000000000000277e+000   1.5164466690707661e+002  -4.0000000000000000e+000   1.5122455430775946e+002
  8.3000000000000274e+000   1.5165840589160294e+002  -4.0000000000000000e+000   1.5123911779719990e+002
  8.4000000000000270e+000   1.5166968375695689e+002  -4.0000000000000000e+000   1.5125112097091795e+002
  8.5000000000000266e+000   1.5167883412475859e+002  -4.0000000000000000e+000   1.5126089154041543e+002
  8.6000000000000263e+000   1.5168624613259200e+002  -4.0000000000000000e+000   1.5126881733691974e+002
  8.7000000000000259e+000   1.5169229763466302e+002  -4.0000000000000000e+000   1.5127527794816922e+002
  8.8000000000000256e+000   1.5169716510875529e+002  -4.0000000000000000e+000   1.5128045153591327e+002
  8.9000000000000252e+000   1.5170124523440720e+002  -4.0000000000000000e+000   1.5128474018773181e+002
  9.0000000000000249e+000   1.5170482199261468e+002  -4.0000000000000000e+000   1.5128843477803872e+002
  9.1000000000000245e+000   1.5170815628104927e+002  -4.0000000000000000e+000   1.5129180306728560e+002
  9.2000000000000242e+000   1.5171156664243881e+002  -4.0000000000000000e+000   1.5129517707219060e+002
  9.3000000000000238e+000   1.5171523329940607e+002  -4.0000000000000000e+000   1.5129874728722731e+002
  9.4000000000000234e+000   1.5171929782036545e+002  -4.0000000000000000e+000   1.5130266474121836e+002
  9.5000000000000231e+000   1.5172389597760443e+002  -4.0000000000000000e+000   1.5130707676041686e+002
  9.6000000000000227e+000   1.5172913725544777e+002  -4.0000000000000000e+000   1.5131210471260883e+002
  9.7000000000000224e+000   1.5173508441555094e+002  -4.0000000000000000e+000   1.5131782152586754e+002
  9.8000000000000220e+000   1.5174176561362972e+002  -4.0000000000000000e+000   1.5132426561654546e+002
  9.9000000000000217e+000   1.5174917914180048e+002  -4.0000000000000000e+000   1.5133144285057790e+002
  1.0000000000000000e+001   1.5175732582866846e+002  -4.0000000000000000e+000   1.5133936289420842e+002
