  0.0000000000000000e+000   1.5000000000000000e+000  -4.0000000000000000e+000   1.5000000000000000e+000
  1.0000000000000023e-001   9.4401991854063123e+000  -3.9278808551073028e+000   2.7873960524856072e+000
  2.0000000000000046e-001   2.6298827762262370e+001  -3.6118414174607207e+000   1.0619269698064420e+001
  3.0000000000000071e-001   4.1403076130055815e+001  -3.0557735599648357e+000   2.3423257986361449e+001
  4.0000000000000091e-001   5.5906421033890744e+001  -2.2936231471051682e+000   3.7536596137588042e+001
  5.0000000000000111e-001   6.9647673473668192e+001  -1.3452962313725259e+000   5.1884097151042248e+001
  6.0000000000000131e-001   8.2754086349167352e+001  -2.2145902093235303e-001   6.6098804993856817e+001
  7.0000000000000151e-001   9.5233746432370026e+001   1.0704285092795800e+000   8.0009350440822118e+001
  8.0000000000000171e-001   1.0707648089298215e+002   2.5235198196942630e+000   9.3507132631364627e+001
  9.0000000000000191e-001   1.1824306955896309e+002   4.1308986615863681e+000   1.0650147925489487e+002
  1.0000000000000022e+000   1.2866831621201089e+002   5.8856120619276187e+000   1.1889483940665203e+002
  1.1000000000000025e+000   1.3826367757066058e+002   7.6666826718074894e+000   1.3055664203006353e+002
  1.2000000000000028e+000   1.4692528773773807e+002   9.3607409135780646e+000   1.4129734043852420e+002
  1.3000000000000032e+000   1.5455499528399889e+002   1.0972126338171584e+001   1.5090259498454682e+002
  1.4000000000000035e+000   1.6110975998517165e+002   1.2504900080200898e+001   1.5915791229965785e+002
  1.5000000000000038e+000   1.6664908746903717e+002   1.3962910472481600e+001   1.6589667069417709e+002
  1.6000000000000041e+000   1.7131591631470752e+002   1.5349812643799559e+001   1.7113528353655516e+002
  1.7000000000000044e+000   1.7478792259396963e+002   4.3542223286240365e+000   1.7436481732532022e+002
  1.8000000000000047e+000   1.7674113121941414e+002  -7.4041994986102377e-001   1.7612507625117590e+002
  1.9000000000000050e+000   1.7784237481683127e+002  -2.7355719919575474e+000   1.7719692415672824e+002
  2.0000000000000053e+000   1.7849952352399740e+002  -3.5118435898758955e+000   1.7788022499666070e+002
  2.1000000000000054e+000   1.7892975567265185e+002  -3.8125900704245637e+000   1.7834000009984911e+002
  2.2000000000000055e+000   1.7924413930858097e+002  -3.9283510887368283e+000   1.7867520009239712e+002
  2.3000000000000056e+000   1.7949887805778351e+002  -3.9726528120507023e+000   1.7894270562813520e+002
  2.4000000000000057e+000   1.7972208563829091e+002  -3.9894965884215932e+000   1.7917341859858590e+002
  2.5000000000000058e+000   1.7992786118107824e+002  -3.9959354945029411e+000   1.7938363547470567e+002
  2.6000000000000059e+000   1.8012331226642996e+002  -3.9985252380889675e+000   1.7958182686292619e+002
  2.7000000000000060e+000   1.8031190626623663e+002  -3.9995002476573465e+000   1.7977220350652877e+002
  2.8000000000000060e+000   1.8049555925688472e+002  -3.9998000197305683e+000   1.7995707648287296e+002
  2.9000000000000061e+000   1.8067545709924477e+002  -3.9999027467147301e+000   1.8013785048310510e+002
  3.0000000000000062e+000   1.8085235090372004e+002  -3.9999565056303585e+000   1.8031539681032896e+002
  3.1000000000000063e+000   1.8102670915876305e+002  -3.9999798911907014e+000   1.8049024545004204e+002
  3.2000000000000064e+000   1.8119891270917651e+002  -3.9999902781481520e+000   1.8066282029738002e+002
  3.3000000000000065e+000   1.8136924947145923e+002  -3.9999950519418723e+000   1.8083343590021619e+002
  3.4000000000000066e+000   1.8153794494806402e+002  -3.9999974628854398e+000   1.8100233567161928e+002
  3.5000000000000067e+000   1.8170518427112916e+002  -3.9999991286437897e+000   1.8116971855314839e+002
  3.6000000000000068e+000   1.8187112216180071e+002  -4.0000000000000000e+000   1.8133575665071766e+002
  3.7000000000000068e+000   1.8203588212295659e+002  -4.0000000000000000e+000   1.8150056109085571e+002
  3.8000000000000069e+000   1.8219957408662856e+002  -4.0000000000000000e+000   1.8166426664500457e+002
  3.9000000000000070e+000   1.8236228446202384e+002  -4.0000000000000000e+000   1.8182696156410466e+002
  4.0000000000000071e+000   1.8252408347103008e+002  -4.0000000000000000e+000   1.8198871899999045e+002
  4.1000000000000076e+000   1.8268504981262168e+002  -4.0000000000000000e+000   1.8214962204405171e+002
  4.2000000000000082e+000   1.8284524533873974e+002  -4.0000000000000000e+000   1.8230973581765042e+002
  4.3000000000000087e+000   1.8300472105297536e+002  -4.0000000000000000e+000   1.8246911372901604e+002
  4.4000000000000092e+000   1.8316352029365865e+002  -4.0000000000000000e+000   1.8262780104018640e+002
  4.5000000000000098e+000   1.8332168348100728e+002  -4.0000000000000000e+000   1.8278585831030915e+002
  4.6000000000000103e+000   1.8347924606764573e+002  -4.0000000000000000e+000   1.8294326772019275e+002
  4.7000000000000108e+000   1.8363624094865963e+002  -4.0000000000000000e+000   1.8310011842984375e+002
  4.8000000000000114e+000   1.8379269100963933e+002  -4.0000000000000000e+000   1.8325641596644149e+002
  4.9000000000000119e+000   1.8394861953449018e+002  -4.0000000000000000e+000   1.8341218458589040e+002
  5.0000000000000124e+000   1.8410404465300434e+002  -4.0000000000000000e+000   1.8356744316707750e+002
  5.1000000000000130e+000   1.8425899172538061e+002  -4.0000000000000000e+000   1.8372221814078748e+002
  5.2000000000000135e+000   1.8441347727203498e+002  -4.0000000000000000e+000   1.8387652657600910e+002
  5.3000000000000140e+000   1.8456751575239113e+002  -4.0000000000000000e+000   1.8403038353480019e+002
  5.4000000000000146e+000   1.8472112195180043e+002  -4.0000000000000000e+000   1.8418380427386529e+002
  5.5000000000000151e+000   1.8487430885507575e+002  -4.0000000000000000e+000   1.8433680225842014e+002
  5.6000000000000156e+000   1.8502708837159653e+002  -4.0000000000000000e+000   1.8448938982157532e+002
  5.7000000000000162e+000   1.8517947066564591e+002  -4.0000000000000000e+000   1.8464157747056834e+002
  5.8000000000000167e+000   1.8533146560022794e+002  -4.0000000000000000e+000   1.8479337539389550e+002
  5.9000000000000172e+000   1.8548308144600267e+002  -4.0000000000000000e+000   1.8494479213342120e+002
  6.0000000000000178e+000   1.8563432537898714e+002  -4.0000000000000000e+000   1.8509583509237268e+002
  6.1000000000000183e+000   1.8578520435119830e+002  -4.0000000000000000e+000   1.8524651144745280e+002
  6.2000000000000188e+000   1.8593572546489884e+002  -4.0000000000000000e+000   1.8539682852381620e+002
  6.3000000000000194e+000   1.8608589467892193e+002  -4.0000000000000000e+000   1.8554679246221119e+002
  6.4000000000000199e+000   1.8623571751868155e+002  -4.0000000000000000e+000   1.8569640895174794e+002
  6.5000000000000204e+000   1.8638519889149777e+002  -4.0000000000000000e+000   1.8584568301165314e+002
  6.6000000000000210e+000   1.8653434375378438e+002  -4.0000000000000000e+000   1.8599461970190220e+002
  6.7000000000000215e+000   1.8668315665687300e+002  -4.0000000000000000e+000   1.8614322406799261e+002
  6.8000000000000220e+000   1.8683164135229356e+002  -4.0000000000000000e+000   1.8629149939776036e+002
  6.9000000000000226e+000   1.8697979950926700e+002  -4.0000000000000000e+000   1.8643944773080648e+002
  7.0000000000000231e+000   1.8712763573582095e+002  -4.0000000000000000e+000   1.8658707375503641e+002
  7.1000000000000236e+000   1.8727515316598684e+002  -4.0000000000000000e+000   1.8673438066074860e+002
  7.2000000000000242e+000   1.8742235447887444e+002  -4.0000000000000000e+000   1.8688137119506263e+002
  7.3000000000000247e+000   1.8756924252028699e+002  -4.0000000000000000e+000   1.8702804827995618e+002
  7.4000000000000252e+000   1.8771581976394810e+002  -4.0000000000000000e+000   1.8717441444414695e+002
  7.5000000000000258e+000   1.8786208868929870e+002  -4.0000000000000000e+000   1.8732047222442716e+002
  7.6000000000000263e+000   1.8800805141181598e+002  -4.0000000000000000e+000   1.8746622378186424e+002
  7.7000000000000268e+000   1.8815370994392126e+002  -4.0000000000000000e+000   1.8761167117207640e+002
  7.8000000000000274e+000   1.8829906649518077e+002  -4.0000000000000000e+000   1.8775681664912582e+002
  7.9000000000000279e+000   1.8844412281058305e+002  -4.0000000000000000e+000   1.8790166199122342e+002
  8.0000000000000284e+000   1.8858888029833014e+002  -4.0000000000000000e+000   1.8804620863391227e+002
  8.1000000000000281e+000   1.8873334026422856e+002  -4.0000000000000000e+000   1.8819045790706915e+002
  8.2000000000000277e+000   1.8887750461049086e+002  -4.0000000000000000e+000   1.8833441174411919e+002
  8.3000000000000274e+000   1.8902137471650286e+002  -4.0000000000000000e+000   1.8847807154691174e+002
  8.4000000000000270e+000   1.8916495169497338e+002  -4.0000000000000000e+000   1.8862143844549337e+002
  8.5000000000000266e+000   1.8930823692797887e+002  -4.0000000000000000e+000   1.8876451384412033e+002
  8.6000000000000263e+000   1.8945123159220267e+002  -4.0000000000000000e+000   1.8890729893365855e+002
  8.7000000000000259e+000   1.8959393725016449e+002  -4.0000000000000000e+000   1.8904979530174964e+002
  8.8000000000000256e+000   1.8973635477714066e+002  -4.0000000000000000e+000   1.8919200383043463e+002
  8.9000000000000252e+000   1.8987848550443360e+002  -4.0000000000000000e+000   1.8933392586981626e+002
  9.0000000000000249e+000   1.9002033041188668e+002  -4.0000000000000000e+000   1.8947556240950016e+002
  9.1000000000000245e+000   1.9016189052933379e+002  -4.0000000000000000e+000   1.8961691449034106e+002
  9.2000000000000242e+000   1.9030316689780292e+002  -4.0000000000000000e+000   1.8975798316504660e+002
  9.3000000000000238e+000   1.9044416047401563e+002  -4.0000000000000000e+000   1.8989876939711596e+002
  9.4000000000000234e+000   1.9058487283632860e+002  -4.0000000000000000e+000   1.9003927477566171e+002
  9.5000000000000231e+000   1.9072530431227594e+002  -4.0000000000000000e+000   1.9017949963097115e+002
  9.6000000000000227e+000   1.9086545553643037e+002  -4.0000000000000000e+000   1.9031944460154509e+002
  9.7000000000000224e+000   1.9100532796823393e+002  -4.0000000000000000e+000   1.9045911115718238e+002
  9.8000000000000220e+000   1.9113763946000716e+002  -4.0000000000000000e+000   1.9056243958010907e+002
  9.9000000000000217e+000   1.9117933545012190e+002  -4.0000000000000000e+000   1.9049520096480495e+002
  1.0000000000000000e+001   1.9109109937726814e+002  -4.0000000000000000e+000   1.9028642665608504e+002
