  0.0000000000000000e+000   1.5000000000000000e+000  -4.0000000000000000e+000   1.5000000000000000e+000
  1.0000000000000023e-001   9.4401991854063123e+000  -3.9278808551073028e+000   2.7873960524856072e+000
  2.0000000000000046e-001   2.6298827762262370e+001  -3.6118414174607207e+000   1.0619269698064420e+001
  3.0000000000000071e-001   4.1402951558696842e+001  -3.2839888334753669e+000   2.3414420429315964e+001
  4.0000000000000091e-001   5.5892732961538719e+001  -3.5391797285071065e+000   3.7350655730767770e+001
  5.0000000000000111e-001   6.9572591827447738e+001  -3.7393499971495352e+000   5.1313632286481393e+001
  6.0000000000000131e-001   8.2542368203951582e+001  -3.8641164478384433e+000   6.4966963671016373e+001
  7.0000000000000151e-001   9.4790138241608403e+001  -3.9330004262579941e+000   7.8158235543066382e+001
  8.0000000000000171e-001   1.0628844696817404e+002  -3.9683363547236779e+000   9.0789117776133494e+001
  9.0000000000000191e-001   1.1698063359415518e+002  -3.9854908773877096e+000   1.0277471833335592e+002
  1.0000000000000022e+000   1.2678137632474197e+002  -3.9934824779408107e+000   1.1402665911984829e+002
  1.1000000000000025e+000   1.3557806435661237e+002  -3.9971759995235461e+000   1.2443760677350336e+002
  1.2000000000000028e+000   1.4324186877339145e+002  -3.9988011089790136e+000   1.3387648361818691e+002
  1.3000000000000032e+000   1.4965078436055674e+002  -3.9995035375389762e+000   1.4218405527044655e+002
  1.4000000000000035e+000   1.5473821029182218e+002  -3.9998010255472609e+000   1.4918932358184176e+002
  1.5000000000000038e+000   1.5854682680651439e+002  -3.9999203486966817e+000   1.5475190033112230e+002
  1.6000000000000041e+000   1.6124765832096850e+002  -3.9999686120485420e+000   1.5883755088745463e+002
  1.7000000000000044e+000   1.6309022823000734e+002  -3.9999876457698322e+000   1.6158885971875810e+002
  1.8000000000000047e+000   1.6431979489839861e+002  -3.9999951488305552e+000   1.6331609437540413e+002
  1.9000000000000050e+000   1.6513478618272285e+002  -3.9999981306605523e+000   1.6437626712800017e+002
  2.0000000000000053e+000   1.6568738268692613e+002  -3.9999992786619831e+000   1.6504805055447150e+002
  2.1000000000000054e+000   1.6608644538206147e+002  -3.9999997257305311e+000   1.6550601824458357e+002
  2.2000000000000055e+000   1.6640066244776128e+002  -3.9999998958534895e+000   1.6584965108511156e+002
  2.3000000000000056e+000   1.6666885478378262e+002  -3.9999999600190237e+000   1.6613274079821838e+002
  2.4000000000000057e+000   1.6691183394896140e+002  -3.9999999838397957e+000   1.6638348432552033e+002
  2.5000000000000058e+000   1.6714031084755212e+002  -3.9999999927838381e+000   1.6661619899269431e+002
  2.6000000000000059e+000   1.6736001850852435e+002  -3.9999999968079822e+000   1.6683843049071322e+002
  2.7000000000000060e+000   1.6757362455762231e+002  -3.9999999985993737e+000   1.6705363904985015e+002
  2.8000000000000060e+000   1.6778264772049135e+002  -3.9999999993543809e+000   1.6726375615618636e+002
  2.9000000000000061e+000   1.6798807421960683e+002  -3.9999999996821827e+000   1.6746996422600819e+002
  3.0000000000000062e+000   1.6819054261857991e+002  -3.9999999998413367e+000   1.6767300299710828e+002
  3.1000000000000063e+000   1.6839051004004514e+002  -3.9999999999361369e+000   1.6787338937432679e+002
  3.2000000000000064e+000   1.6858832976163299e+002  -4.0000000000000000e+000   1.6807151370109136e+002
  3.3000000000000065e+000   1.6878424374194529e+002  -4.0000000000000000e+000   1.6826763250242323e+002
  3.4000000000000066e+000   1.6897850149816583e+002  -4.0000000000000000e+000   1.6846202440872995e+002
  3.5000000000000067e+000   1.6917125919388076e+002  -4.0000000000000000e+000   1.6865485694744905e+002
  3.6000000000000068e+000   1.6936267362509579e+002  -4.0000000000000000e+000   1.6884629819715701e+002
  3.7000000000000068e+000   1.6955288130714558e+002  -4.0000000000000000e+000   1.6903649399900954e+002
  3.8000000000000069e+000   1.6974198617065517e+002  -4.0000000000000000e+000   1.6922555436495679e+002
  3.9000000000000070e+000   1.6993007525431472e+002  -4.0000000000000000e+000   1.6941357094725814e+002
  4.0000000000000071e+000   1.7011722517173860e+002  -4.0000000000000000e+000   1.6960062455222439e+002
  4.1000000000000076e+000   1.7030350141446033e+002  -4.0000000000000000e+000   1.6978678416844949e+002
  4.2000000000000082e+000   1.7048896114545025e+002  -4.0000000000000000e+000   1.6997210978975474e+002
  4.3000000000000087e+000   1.7067365349636532e+002  -4.0000000000000000e+000   1.7015665301707440e+002
  4.4000000000000092e+000   1.7085762484984207e+002  -4.0000000000000000e+000   1.7034046243444089e+002
  4.5000000000000098e+000   1.7104091269044648e+002  -4.0000000000000000e+000   1.7052357717270368e+002
  4.6000000000000103e+000   1.7122354728533105e+002  -4.0000000000000000e+000   1.7070602865037557e+002
  4.7000000000000108e+000   1.7140555791919417e+002  -4.0000000000000000e+000   1.7088784727155897e+002
  4.8000000000000114e+000   1.7158696946043145e+002  -4.0000000000000000e+000   1.7106905893284508e+002
  4.9000000000000119e+000   1.7176780771248599e+002  -4.0000000000000000e+000   1.7124969087917904e+002
  5.0000000000000124e+000   1.7194809266189208e+002  -4.0000000000000000e+000   1.7142976376931961e+002
  5.1000000000000130e+000   1.7212784425203859e+002  -4.0000000000000000e+000   1.7160929820800919e+002
  5.2000000000000135e+000   1.7230707960476511e+002  -4.0000000000000000e+000   1.7178831191803764e+002
  5.3000000000000140e+000   1.7248581386932000e+002  -4.0000000000000000e+000   1.7196682059732188e+002
  5.4000000000000146e+000   1.7266406085378696e+002  -4.0000000000000000e+000   1.7214483855154873e+002
  5.5000000000000151e+000   1.7284183344793053e+002  -4.0000000000000000e+000   1.7232237909463589e+002
  5.6000000000000156e+000   1.7301914158408468e+002  -4.0000000000000000e+000   1.7249945250722726e+002
  5.7000000000000162e+000   1.7319599580904628e+002  -4.0000000000000000e+000   1.7267606965404883e+002
  5.8000000000000167e+000   1.7337240460747935e+002  -4.0000000000000000e+000   1.7285223928885142e+002
  5.9000000000000172e+000   1.7354837670125880e+002  -4.0000000000000000e+000   1.7302797040594390e+002
  6.0000000000000178e+000   1.7372391981689196e+002  -4.0000000000000000e+000   1.7320327097401895e+002
  6.1000000000000183e+000   1.7389904108417676e+002  -4.0000000000000000e+000   1.7337814833991169e+002
  6.2000000000000188e+000   1.7407374706295528e+002  -4.0000000000000000e+000   1.7355260925124756e+002
  6.3000000000000194e+000   1.7424804364001579e+002  -4.0000000000000000e+000   1.7372665976916804e+002
  6.4000000000000199e+000   1.7442193633290100e+002  -4.0000000000000000e+000   1.7390030556239944e+002
  6.5000000000000204e+000   1.7459543021529697e+002  -4.0000000000000000e+000   1.7407355183478262e+002
  6.6000000000000210e+000   1.7476852952360167e+002  -4.0000000000000000e+000   1.7424640292876020e+002
  6.7000000000000215e+000   1.7494123891031236e+002  -4.0000000000000000e+000   1.7441886362434354e+002
  6.8000000000000220e+000   1.7511356210624854e+002  -4.0000000000000000e+000   1.7459093774073284e+002
  6.9000000000000226e+000   1.7528550243447506e+002  -4.0000000000000000e+000   1.7476262867488359e+002
  7.0000000000000231e+000   1.7545706385781855e+002  -4.0000000000000000e+000   1.7493394049797539e+002
  7.1000000000000236e+000   1.7562824903430950e+002  -4.0000000000000000e+000   1.7510487591894321e+002
  7.2000000000000242e+000   1.7579906111452951e+002  -4.0000000000000000e+000   1.7527543816125234e+002
  7.3000000000000247e+000   1.7596950308731672e+002  -4.0000000000000000e+000   1.7544563028146337e+002
  7.4000000000000252e+000   1.7613957729488055e+002  -4.0000000000000000e+000   1.7561545466664242e+002
  7.5000000000000258e+000   1.7630928589218615e+002  -4.0000000000000000e+000   1.7578491351366478e+002
  7.6000000000000263e+000   1.7647863122286594e+002  -4.0000000000000000e+000   1.7595400921036139e+002
  7.7000000000000268e+000   1.7664761569036301e+002  -4.0000000000000000e+000   1.7612274420585035e+002
  7.8000000000000274e+000   1.7681624145391427e+002  -4.0000000000000000e+000   1.7629112069686875e+002
  7.9000000000000279e+000   1.7698451043773758e+002  -4.0000000000000000e+000   1.7645914063991162e+002
  8.0000000000000284e+000   1.7715242451999200e+002  -4.0000000000000000e+000   1.7662680594342683e+002
  8.1000000000000281e+000   1.7731998544411005e+002  -4.0000000000000000e+000   1.7679411837776010e+002
  8.2000000000000277e+000   1.7748719491315319e+002  -4.0000000000000000e+000   1.7696107994890778e+002
  8.3000000000000274e+000   1.7765405452389692e+002  -4.0000000000000000e+000   1.7712769144120043e+002
  8.4000000000000270e+000   1.7782056597362381e+002  -4.0000000000000000e+000   1.7729395540326115e+002
  8.5000000000000266e+000   1.7798673053323901e+002  -4.0000000000000000e+000   1.7745987284567053e+002
  8.6000000000000263e+000   1.7815254908738515e+002  -4.0000000000000000e+000   1.7762544466268184e+002
  8.7000000000000259e+000   1.7831802352902702e+002  -4.0000000000000000e+000   1.7779067276621942e+002
  8.8000000000000256e+000   1.7848315489532533e+002  -4.0000000000000000e+000   1.7795555820337967e+002
  8.9000000000000252e+000   1.7864794438366408e+002  -4.0000000000000000e+000   1.7812010218301720e+002
  9.0000000000000249e+000   1.7881239335943005e+002  -4.0000000000000000e+000   1.7828430608191772e+002
  9.1000000000000245e+000   1.7897650303669184e+002  -4.0000000000000000e+000   1.7844817112297491e+002
  9.2000000000000242e+000   1.7914027432255972e+002  -4.0000000000000000e+000   1.7861169822051605e+002
  9.3000000000000238e+000   1.7930370840159026e+002  -4.0000000000000000e+000   1.7877488856698270e+002
  9.4000000000000234e+000   1.7946680638919074e+002  -4.0000000000000000e+000   1.7893774328404294e+002
  9.5000000000000231e+000   1.7962956956455878e+002  -4.0000000000000000e+000   1.7910026366049544e+002
  9.6000000000000227e+000   1.7979199873802031e+002  -4.0000000000000000e+000   1.7926245050737393e+002
  9.7000000000000224e+000   1.7995409522073390e+002  -4.0000000000000000e+000   1.7942430514654609e+002
  9.8000000000000220e+000   1.8011586004636538e+002  -4.0000000000000000e+000   1.7958582861246506e+002
  9.9000000000000217e+000   1.8027729399625463e+002  -4.0000000000000000e+000   1.7974702168999536e+002
  1.0000000000000000e+001   1.8043839808459902e+002  -4.0000000000000000e+000   1.7990788539552173e+002
