  0.0000000000000000e+000   1.5000000000000000e+000  -4.0000000000000000e+000   1.5000000000000000e+000
  1.0000000000000023e-001   5.2688840855944683e+000  -3.9278808741508699e+000   2.2815642625281298e+000
  2.0000000000000046e-001   1.5360670452720028e+001  -3.6118413766955926e+000   6.8659391065189634e+000
  3.0000000000000071e-001   2.5233124157351469e+001  -3.0557716666166543e+000   1.5551204108484853e+001
  4.0000000000000091e-001   3.4785526960281913e+001  -2.2936272091997090e+000   2.5442801142488225e+001
  5.0000000000000111e-001   4.3989966049128078e+001  -1.3452961221124076e+000   3.5415436900296953e+001
  6.0000000000000131e-001   5.2852583677604649e+001  -2.2144803127453239e-001   4.5175464482260573e+001
  7.0000000000000151e-001   6.1378199788815778e+001   1.0704544322580789e+000   5.4640050365048637e+001
  8.0000000000000171e-001   6.9575498077157860e+001   2.5235447790824130e+000   6.3783875011245335e+001
  9.0000000000000191e-001   7.7456884743145807e+001   4.1309298094304729e+000   7.2598699929229312e+001
  1.0000000000000022e+000   8.5037112644187403e+001   5.8856407403310005e+000   8.1081386285513332e+001
  1.1000000000000025e+000   9.2331351198114646e+001   7.6667089486422082e+000   8.9221066711458306e+001
  1.2000000000000028e+000   9.9346198605695491e+001   9.3607490362770189e+000   9.6985416184097403e+001
  1.3000000000000032e+000   1.0607868867282585e+002   1.0972125137746726e+001   1.0435545736882206e+002
  1.4000000000000035e+000   1.1252319748923857e+002   1.2504891689690499e+001   1.1132402135860929e+002
  1.5000000000000038e+000   1.1867509947993325e+002   1.3962896429088946e+001   1.1788875457777553e+002
  1.6000000000000041e+000   1.2453045959526801e+002   1.5349799489385365e+001   1.2405300837297160e+002
  1.7000000000000044e+000   1.3008506408469839e+002   1.6669102924228614e+001   1.2982795571476564e+002
  1.8000000000000047e+000   1.3533397558964248e+002   1.7924009350117743e+001   1.3523036303010954e+002
  1.9000000000000050e+000   1.4027323950873529e+002   1.9117709451705522e+001   1.4027992636991235e+002
  2.0000000000000053e+000   1.4490226413287462e+002   2.0253199206297829e+001   1.4499147422946032e+002
  2.1000000000000054e+000   1.4921179001991786e+002   2.1333311086245825e+001   1.4939737163722864e+002
  2.2000000000000055e+000   1.5320290522320002e+002   2.2360746067186074e+001   1.5350507988980681e+002
  2.3000000000000056e+000   1.5687162852531077e+002   2.3338072013767853e+001   1.5732561583245098e+002
  2.4000000000000057e+000   1.6021497300363336e+002   2.4267733289326397e+001   1.6085588874944102e+002
  2.5000000000000058e+000   1.6322203485778624e+002   2.5152054515354560e+001   1.6409117874845097e+002
  2.6000000000000059e+000   1.6587333184565213e+002   2.5993246805586775e+001   1.6702131523922063e+002
  2.7000000000000060e+000   1.6814125398215424e+002   2.6793413489013073e+001   1.6962578553889966e+002
  2.8000000000000060e+000   1.6947936849008252e+002   2.7554555701515007e+001   1.7171961915526333e+002
  2.9000000000000061e+000   1.6954762118345280e+002   2.1825819905469604e+001   1.7232648832953299e+002
  3.0000000000000062e+000   1.6880213601299872e+002   2.6445292163068540e+001   1.7219020963078142e+002
  3.1000000000000063e+000   1.6809106050950962e+002   2.8676314276480177e+001   1.7223945372077299e+002
  3.2000000000000064e+000   1.6761429675629412e+002   2.9891324656115593e+001   1.7221699257438235e+002
  3.3000000000000065e+000   1.6733561212090777e+002   3.0705570347731772e+001   1.7218845543591169e+002
  3.4000000000000066e+000   1.6719671724870506e+002   3.1352565742024645e+001   1.7220573508590098e+002
  3.5000000000000067e+000   1.6715360480108035e+002   3.1529403470709418e+001   1.7227195909618081e+002
  3.6000000000000068e+000   1.6715073810389288e+002   3.1545073706873502e+001   1.7226466614053291e+002
  3.7000000000000068e+000   1.6715723717326003e+002   3.1494515517362231e+001   1.7226363338024242e+002
  3.8000000000000069e+000   1.6716428512613231e+002   3.1460751733484358e+001   1.7226430697139227e+002
  3.9000000000000070e+000   1.6716935500176118e+002   3.1444868374370202e+001   1.7226479623145937e+002
  4.0000000000000071e+000   1.6717236190046191e+002   3.1433849999406966e+001   1.7226498806783459e+002
  4.1000000000000076e+000   1.6717387179760149e+002   3.1428731287761742e+001   1.7226503879569921e+002
  4.2000000000000082e+000   1.6717447706446791e+002   3.1425821451393986e+001   1.7226473938069708e+002
  4.3000000000000087e+000   1.6717456387489435e+002   3.1423852082693905e+001   1.7226432178525829e+002
  4.4000000000000092e+000   1.6717437384025015e+002   3.1422033495137100e+001   1.7226372215106451e+002
  4.5000000000000098e+000   1.6717402285763728e+002   3.1420449975833471e+001   1.7226297061806812e+002
  4.6000000000000103e+000   1.6717356792751468e+002   3.1418802591411101e+001   1.7226208289988026e+002
  4.7000000000000108e+000   1.6717303357098933e+002   3.1417034319832062e+001   1.7226106633302956e+002
  4.8000000000000114e+000   1.6717243358427029e+002   3.1415088816187897e+001   1.7225993016787032e+002
  4.9000000000000119e+000   1.6717176954222930e+002   3.1413335466043627e+001   1.7225867261714887e+002
  5.0000000000000124e+000   1.6717104647976942e+002   3.1411227295030884e+001   1.7225732660144729e+002
  5.1000000000000130e+000   1.6717026524550545e+002   3.1408892377987975e+001   1.7225588371167478e+002
  5.2000000000000135e+000   1.6716942364326044e+002   3.1406827139664095e+001   1.7225432484337489e+002
  5.3000000000000140e+000   1.6716852483910657e+002   3.1404408494995764e+001   1.7225274794736907e+002
  5.4000000000000146e+000   1.6716757422532018e+002   3.1401891828126573e+001   1.7225102294106480e+002
  5.5000000000000151e+000   1.6716657334517325e+002   3.1399712243730811e+001   1.7224924035825902e+002
  5.6000000000000156e+000   1.6716552880675741e+002   3.1396915665119302e+001   1.7224744851450447e+002
  5.7000000000000162e+000   1.6716444350251928e+002   3.1394858553867877e+001   1.7224552829811228e+002
  5.8000000000000167e+000   1.6716332261051824e+002   3.1392233773860383e+001   1.7224358907759699e+002
  5.9000000000000172e+000   1.6716216866609236e+002   3.1389605056817615e+001   1.7224157860898109e+002
  6.0000000000000178e+000   1.6716098420790982e+002   3.1387022843896794e+001   1.7223952140964184e+002
  6.1000000000000183e+000   1.6715977317091966e+002   3.1384371653011421e+001   1.7223741895684549e+002
  6.2000000000000188e+000   1.6715853832241950e+002   3.1381698583354734e+001   1.7223527223569900e+002
  6.3000000000000194e+000   1.6715728534748200e+002   3.1378923810867633e+001   1.7223308373292303e+002
  6.4000000000000199e+000   1.6715602325441029e+002   3.1376112768734302e+001   1.7223085678620444e+002
  6.5000000000000204e+000   1.6716632086763190e+002   3.1370203216094779e+001   1.7222899932249669e+002
  6.6000000000000210e+000   1.6771434709191345e+002   2.9957523781732647e+001   1.7225252082866470e+002
  6.7000000000000215e+000   1.6835999941106954e+002   2.8010646468865723e+001   1.7226207706031167e+002
  6.8000000000000220e+000   1.6877948224795651e+002   2.6630631884215148e+001   1.7226482028838123e+002
  6.9000000000000226e+000   1.6900446398130751e+002   2.5847203296032884e+001   1.7226434467531513e+002
  7.0000000000000231e+000   1.6911312960472497e+002   2.5453501741250054e+001   1.7226260420256494e+002
  7.1000000000000236e+000   1.6916203052098476e+002   2.5268052335011923e+001   1.7226030905432603e+002
  7.2000000000000242e+000   1.6918261383189534e+002   2.5183766711198054e+001   1.7225778585551819e+002
  7.3000000000000247e+000   1.6919039876339278e+002   2.5145346459916041e+001   1.7225518839157399e+002
  7.4000000000000252e+000   1.6919258353838958e+002   2.5126316691981366e+001   1.7225259908452171e+002
  7.5000000000000258e+000   1.6919235229296700e+002   2.5118106341180123e+001   1.7224996361585849e+002
  7.6000000000000263e+000   1.6919107540402908e+002   2.5112963096652511e+001   1.7224729810322188e+002
  7.7000000000000268e+000   1.6918933719844236e+002   2.5109489277889750e+001   1.7224461900642930e+002
  7.8000000000000274e+000   1.6918740513434241e+002   2.5106676593322693e+001   1.7224192775801112e+002
  7.9000000000000279e+000   1.6918541138798108e+002   2.5104046407720865e+001   1.7223922624480539e+002
  8.0000000000000284e+000   1.6918338939771130e+002   2.5101489289763158e+001   1.7223651416907876e+002
  8.1000000000000281e+000   1.6918134897349844e+002   2.5098970554910252e+001   1.7223379277507405e+002
  8.2000000000000277e+000   1.6917929394844461e+002   2.5096474152924131e+001   1.7223106287444438e+002
  8.3000000000000274e+000   1.6917722743896354e+002   2.5093992730337927e+001   1.7222832489721560e+002
  8.4000000000000270e+000   1.6917515309429621e+002   2.5091513939018224e+001   1.7222557946952062e+002
  8.5000000000000266e+000   1.6917307188951233e+002   2.5089037795250011e+001   1.7222282717167280e+002
  8.6000000000000263e+000   1.6917098665760744e+002   2.5086552771992402e+001   1.7222006871038428e+002
  8.7000000000000259e+000   1.6916889623950414e+002   2.5084069005473847e+001   1.7221730451062285e+002
  8.8000000000000256e+000   1.6916680219294511e+002   2.5081580227632017e+001   1.7221453518571326e+002
  8.9000000000000252e+000   1.6916470384672749e+002   2.5079091761890464e+001   1.7221176113082763e+002
  9.0000000000000249e+000   1.6916260174950528e+002   2.5076602104094601e+001   1.7220898283565239e+002
  9.1000000000000245e+000   1.6916049615134028e+002   2.5074113545280468e+001   1.7220620057594058e+002
  9.2000000000000242e+000   1.6915838728357519e+002   2.5071623942370124e+001   1.7220341488283037e+002
  9.3000000000000238e+000   1.6915627540393152e+002   2.5069132335396741e+001   1.7220062617980739e+002
  9.4000000000000234e+000   1.6915416106750891e+002   2.5066644068303344e+001   1.7219783458423316e+002
  9.5000000000000231e+000   1.6915204445813708e+002   2.5064155611324193e+001   1.7219504059565810e+002
  9.6000000000000227e+000   1.6914992588077610e+002   2.5061665750325083e+001   1.7219224458893996e+002
  9.7000000000000224e+000   1.6914780555238795e+002   2.5059178420235316e+001   1.7218944668378620e+002
  9.8000000000000220e+000   1.6914568378714625e+002   2.5056691181743243e+001   1.7218664728176944e+002
  9.9000000000000217e+000   1.6914356087380563e+002   2.5054202854278980e+001   1.7218384671075984e+002
  1.0000000000000000e+001   1.6914143687241489e+002   2.5051716358064738e+001   1.7218104508155304e+002
