  0.0000000000000000e+000   1.5000000000000000e+000  -4.0000000000000000e+000   1.5000000000000000e+000
  1.0000000000000023e-001   3.2180872396682592e+000  -3.9278808917270127e+000   1.9600815402925871e+000
  2.0000000000000046e-001   8.4702802431752762e+000  -3.6118413633766204e+000   4.4067980603526786e+000
  3.0000000000000071e-001   1.4598067558497672e+001  -3.0557769517952873e+000   9.6619460554501373e+000
  4.0000000000000091e-001   2.0715754569470160e+001  -2.2936224139807795e+000   1.6194883361683669e+001
  5.0000000000000111e-001   2.6724531280523731e+001  -1.3452959501525639e+000   2.2844222714025424e+001
  6.0000000000000131e-001   3.2544494114562823e+001  -2.2145911334479074e-001   2.9297361926122996e+001
  7.0000000000000151e-001   3.8130810374583611e+001   1.0704261921821177e+000   3.5486295303749166e+001
  8.0000000000000171e-001   4.3467626025681483e+001   2.5235002289501773e+000   4.1393700702918935e+001
  9.0000000000000191e-001   4.8554692114729129e+001   4.1309206660129423e+000   4.7010894821862259e+001
  1.0000000000000022e+000   5.3399134851719097e+001   5.8856239543124449e+000   5.2329868330023416e+001
  1.1000000000000025e+000   5.8008079192439958e+001   7.6666804857060828e+000   5.7333591215462043e+001
  1.2000000000000028e+000   6.2373043706325099e+001   9.3607318604528533e+000   6.1991576806553866e+001
  1.3000000000000032e+000   6.6469289357743293e+001   1.0972112918173838e+001   6.6292392457353529e+001
  1.4000000000000035e+000   7.0266378509670929e+001   1.2504881079833805e+001   7.0231327672462740e+001
  1.5000000000000038e+000   7.3316428566690377e+001   3.1019359175663928e+000   7.3045303744455651e+001
  1.6000000000000041e+000   7.5231776077613404e+001  -1.1858068470992782e+000   7.4811873342833522e+001
  1.7000000000000044e+000   7.6422584528313735e+001  -2.8943253139210121e+000   7.5996384887516925e+001
  1.8000000000000047e+000   7.7124808577429604e+001  -3.5687241786013537e+000   7.6753774495979144e+001
  1.9000000000000050e+000   7.7466443868805001e+001  -3.8328670909848865e+000   7.7161224280872446e+001
  2.0000000000000053e+000   7.7523445166879696e+001  -3.9354520377232269e+000   7.7275997853214008e+001
  2.1000000000000054e+000   7.7352086343854438e+001  -3.9751932586572822e+000   7.7149803997409919e+001
  2.2000000000000055e+000   7.7004449618564863e+001  -3.9904937102765023e+000   7.6834588486867602e+001
  2.3000000000000056e+000   7.6547493410105588e+001  -3.9963805230839307e+000   7.6392276448354366e+001
  2.4000000000000057e+000   7.6081381259616563e+001  -3.9986408674243701e+000   7.5926571300819901e+001
  2.5000000000000058e+000   7.5616544210019526e+001  -3.9994630903772510e+000   7.5462301445546686e+001
  2.6000000000000059e+000   7.5162942432656266e+001  -3.9997829426828031e+000   7.5005606901517297e+001
  2.7000000000000060e+000   7.4752904712343536e+001  -3.9999180083924819e+000   7.4586045096756862e+001
  2.8000000000000060e+000   7.4419440439904946e+001  -3.9999691098089607e+000   7.4236928366653018e+001
  2.9000000000000061e+000   7.4181191884802402e+001  -3.9999883976271522e+000   7.3979135282906171e+001
  3.0000000000000062e+000   7.4045207878341770e+001  -3.9999956111119377e+000   7.3821731043320611e+001
  3.1000000000000063e+000   7.4007283381595045e+001  -3.9999983404460373e+000   7.3762730452157285e+001
  3.2000000000000064e+000   7.4053980394386755e+001  -3.9999993945810259e+000   7.3790827564739558e+001
  3.3000000000000065e+000   7.4165756384271944e+001  -3.9999997738292454e+000   7.3888107304860384e+001
  3.4000000000000066e+000   7.4320329431366005e+001  -3.9999999156132251e+000   7.4033210113534309e+001
  3.5000000000000067e+000   7.4495772953900243e+001  -3.9999999687837096e+000   7.4204328526522602e+001
  3.6000000000000068e+000   7.4672730913239903e+001  -3.9999999884592961e+000   7.4381566599634510e+001
  3.7000000000000068e+000   7.4835722869639937e+001  -3.9999999953952350e+000   7.4548484134950371e+001
  3.8000000000000069e+000   7.4973659358264314e+001  -3.9999999979939154e+000   7.4692862750225729e+001
  3.9000000000000070e+000   7.5079763966389251e+001  -3.9999999992460351e+000   7.4806812678799076e+001
  4.0000000000000071e+000   7.5151198148801413e+001  -3.9999999997188835e+000   7.4886520429866195e+001
  4.1000000000000076e+000   7.5188479780017005e+001  -3.9999999998947362e+000   7.4931706914161012e+001
  4.2000000000000082e+000   7.5194817166095319e+001  -3.9999999999614380e+000   7.4944995187165716e+001
  4.3000000000000087e+000   7.5175477991317308e+001  -3.9999999999858882e+000   7.4931263630710163e+001
  4.4000000000000092e+000   7.5136879456150169e+001  -3.9999999999946962e+000   7.4896726604655697e+001
  4.5000000000000098e+000   7.5086060713943851e+001  -3.9999999999980664e+000   7.4848367894393746e+001
  4.6000000000000103e+000   7.5029757099570702e+001  -3.9999999999992832e+000   7.4793004007296432e+001
  4.7000000000000108e+000   7.4974132036501786e+001  -3.9999999999997304e+000   7.4736979360916138e+001
  4.8000000000000114e+000   7.4924316395764208e+001  -3.9999999999998961e+000   7.4685690812416652e+001
  4.9000000000000119e+000   7.4883955948075524e+001  -3.9999999999999591e+000   7.4643095494007980e+001
  5.0000000000000124e+000   7.4855204643597986e+001  -3.9999999999999840e+000   7.4611677182503698e+001
  5.1000000000000130e+000   7.4838779161342956e+001  -3.9999999999999938e+000   7.4592471208741429e+001
  5.2000000000000135e+000   7.4834094340758710e+001  -3.9999999999999978e+000   7.4585171713538045e+001
  5.3000000000000140e+000   7.4839554112079853e+001  -3.9999999999999991e+000   7.4588400763866730e+001
  5.4000000000000146e+000   7.4852894747083951e+001  -3.9999999999999996e+000   7.4600038440921267e+001
  5.5000000000000151e+000   7.4871511344936692e+001  -4.0000000000000000e+000   7.4617545388567535e+001
  5.6000000000000156e+000   7.4892816955397336e+001  -4.0000000000000000e+000   7.4638331898556615e+001
  5.7000000000000162e+000   7.4914442731726893e+001  -4.0000000000000000e+000   7.4659969724173123e+001
  5.8000000000000167e+000   7.4934429272739933e+001  -4.0000000000000000e+000   7.4680399370345881e+001
  5.9000000000000172e+000   7.4951336481554378e+001  -4.0000000000000000e+000   7.4698058176523759e+001
  6.0000000000000178e+000   7.4964274559358273e+001  -4.0000000000000000e+000   7.4711925647746455e+001
  6.1000000000000183e+000   7.4972911986213418e+001  -4.0000000000000000e+000   7.4721548837149001e+001
  6.2000000000000188e+000   7.4977379912225615e+001  -4.0000000000000000e+000   7.4726956864808571e+001
  6.3000000000000194e+000   7.4978156246024753e+001  -4.0000000000000000e+000   7.4728548205666627e+001
  6.4000000000000199e+000   7.4975977628330597e+001  -4.0000000000000000e+000   7.4727004611432250e+001
  6.5000000000000204e+000   7.4971786744652817e+001  -4.0000000000000000e+000   7.4723243091040956e+001
  6.6000000000000210e+000   7.4966457827878429e+001  -4.0000000000000000e+000   7.4718137167735989e+001
  6.7000000000000215e+000   7.4960806603691395e+001  -4.0000000000000000e+000   7.4712519266382628e+001
  6.8000000000000220e+000   7.4955544931698924e+001  -4.0000000000000000e+000   7.4707131280346431e+001
  6.9000000000000226e+000   7.4951231342651070e+001  -4.0000000000000000e+000   7.4702571514618199e+001
  7.0000000000000231e+000   7.4948263724088761e+001  -4.0000000000000000e+000   7.4699285082977241e+001
  7.1000000000000236e+000   7.4946806677401213e+001  -4.0000000000000000e+000   7.4697481367895122e+001
  7.2000000000000242e+000   7.4946832340884939e+001  -4.0000000000000000e+000   7.4697171909075351e+001
  7.3000000000000247e+000   7.4948161706501779e+001  -4.0000000000000000e+000   7.4698208249654471e+001
  7.4000000000000252e+000   7.4950536609610111e+001  -4.0000000000000000e+000   7.4700351920856008e+001
  7.5000000000000258e+000   7.4953662901980337e+001  -4.0000000000000000e+000   7.4703320940424447e+001
  7.6000000000000263e+000   7.4957203215571994e+001  -4.0000000000000000e+000   7.4706778654607803e+001
  7.7000000000000268e+000   7.4960842207845999e+001  -4.0000000000000000e+000   7.4710404444996854e+001
  7.8000000000000274e+000   7.4964314980064842e+001  -4.0000000000000000e+000   7.4713923246912998e+001
  7.9000000000000279e+000   7.4967425707852357e+001  -4.0000000000000000e+000   7.4717121015994081e+001
  8.0000000000000284e+000   7.4970060464997019e+001  -4.0000000000000000e+000   7.4719867660320773e+001
  8.1000000000000281e+000   7.4972158345547001e+001  -4.0000000000000000e+000   7.4722088440287578e+001
  8.2000000000000277e+000   7.4973722873947395e+001  -4.0000000000000000e+000   7.4723767285020330e+001
  8.3000000000000274e+000   7.4974814681447000e+001  -4.0000000000000000e+000   7.4724960661307563e+001
  8.4000000000000270e+000   7.4975530991482401e+001  -4.0000000000000000e+000   7.4725754124845366e+001
  8.5000000000000266e+000   7.4975986824988638e+001  -4.0000000000000000e+000   7.4726260531480648e+001
  8.6000000000000263e+000   7.4976302987953432e+001  -4.0000000000000000e+000   7.4726599177779022e+001
  8.7000000000000259e+000   7.4976594020360011e+001  -4.0000000000000000e+000   7.4726887897302646e+001
  8.8000000000000256e+000   7.4976955877217890e+001  -4.0000000000000000e+000   7.4727227962257032e+001
  8.9000000000000252e+000   7.4977455591298508e+001  -4.0000000000000000e+000   7.4727692348462810e+001
  9.0000000000000249e+000   7.4978128579625817e+001  -4.0000000000000000e+000   7.4728322909617347e+001
  9.1000000000000245e+000   7.4978983806826889e+001  -4.0000000000000000e+000   7.4729133936830678e+001
  9.2000000000000242e+000   7.4980046499715598e+001  -4.0000000000000000e+000   7.4730157590344902e+001
  9.3000000000000238e+000   7.4981226333588111e+001  -4.0000000000000000e+000   7.4731304565223624e+001
  9.4000000000000234e+000   7.4982481278881593e+001  -4.0000000000000000e+000   7.4732534803225363e+001
  9.5000000000000231e+000   7.4983800749910586e+001  -4.0000000000000000e+000   7.4733838296373435e+001
  9.6000000000000227e+000   7.4985157325461287e+001  -4.0000000000000000e+000   7.4735187617186227e+001
  9.7000000000000224e+000   7.4986504985368398e+001  -4.0000000000000000e+000   7.4736535747629517e+001
  9.8000000000000220e+000   7.4987820287576866e+001  -4.0000000000000000e+000   7.4737857738371872e+001
  9.9000000000000217e+000   7.4989083656123938e+001  -4.0000000000000000e+000   7.4739132185708769e+001
  1.0000000000000000e+001   7.4990280539768506e+001  -4.0000000000000000e+000   7.4740342379918076e+001
