  0.0000000000000000e+000   1.5000000000000000e+000  -4.0000000000000000e+000   1.5000000000000000e+000
  1.0000000000000023e-001   7.3778297498587619e+000  -3.9278808624784189e+000   2.5492952604987380e+000
  2.0000000000000046e-001   2.1190826256889025e+001  -3.6118414814458153e+000   8.8986508695778817e+000
  3.0000000000000071e-001   3.3891240608739800e+001  -3.0557713733799492e+000   1.9911204922955207e+001
  4.0000000000000091e-001   4.6117793871236842e+001  -2.2936208664158295e+000   3.2154396649228786e+001
  5.0000000000000111e-001   5.7788773599410149e+001  -1.3453093403286132e+000   4.4548681003230406e+001
  6.0000000000000131e-001   6.8979097953716305e+001  -2.2148590486902897e-001   5.6768022167700629e+001
  7.0000000000000151e-001   7.9710883899208156e+001   1.0703796651610000e+000   6.8689581750263883e+001
  8.0000000000000171e-001   8.9998375912806424e+001   2.5234507977848217e+000   8.0254583812982446e+001
  9.0000000000000191e-001   9.9848288711192652e+001   4.1308375338722385e+000   9.1427260207087926e+001
  1.0000000000000022e+000   1.0926238537391714e+002   5.8855600520103373e+000   1.0217851732675379e+002
  1.1000000000000025e+000   1.1823821858254773e+002   7.6666894016281617e+000   1.1246905891479207e+002
  1.2000000000000028e+000   1.2676311299208380e+002   7.5511744233491971e+000   1.2219172692205015e+002
  1.3000000000000032e+000   1.3458960718215079e+002   7.6182183197935860e-001   1.2998406540517095e+002
  1.4000000000000035e+000   1.4135846389209524e+002  -2.0690485183120031e+000   1.3660466477597322e+002
  1.5000000000000038e+000   1.4714432598476219e+002  -3.2268305067854883e+000   1.4262176580632615e+002
  1.6000000000000041e+000   1.5208326884887370e+002  -3.6934808068066096e+000   1.4806574148712852e+002
  1.7000000000000044e+000   1.5627733700313593e+002  -3.8794065683643315e+000   1.5287925124644286e+002
  1.8000000000000047e+000   1.5980157574820055e+002  -3.9528695662582041e+000   1.5702314132124394e+002
  1.9000000000000050e+000   1.6272122630719448e+002  -3.9816029531918167e+000   1.6049668684901312e+002
  2.0000000000000053e+000   1.6510244140663499e+002  -3.9928036099190685e+000   1.6333587380631224e+002
  2.1000000000000054e+000   1.6701547143318342e+002  -3.9972277618200756e+000   1.6560520450417792e+002
  2.2000000000000055e+000   1.6853282271006196e+002  -3.9989507583698938e+000   1.6738665796759736e+002
  2.3000000000000056e+000   1.6972592051652498e+002  -3.9996033710503442e+000   1.6876919969680682e+002
  2.4000000000000057e+000   1.7066136446281615e+002  -3.9998517426567832e+000   1.6983742051949156e+002
  2.5000000000000058e+000   1.7139475325411615e+002  -3.9999401926035096e+000   1.7066283704344255e+002
  2.6000000000000059e+000   1.7197662287586490e+002  -3.9999762084105264e+000   1.7130847866735601e+002
  2.7000000000000060e+000   1.7244645530305820e+002  -3.9999908205528572e+000   1.7182222944947750e+002
  2.8000000000000060e+000   1.7283486147754164e+002  -3.9999965283768799e+000   1.7224087737075581e+002
  2.9000000000000061e+000   1.7316508395550889e+002  -3.9999987491079545e+000   1.7259197535425506e+002
  3.0000000000000062e+000   1.7345256049378139e+002  -3.9999995017877779e+000   1.7289374214763637e+002
  3.1000000000000063e+000   1.7371020896605921e+002  -3.9999997976974018e+000   1.7316129413682097e+002
  3.2000000000000064e+000   1.7394663824609407e+002  -3.9999999221631222e+000   1.7340459905335891e+002
  3.3000000000000065e+000   1.7416773932488977e+002  -3.9999999696450859e+000   1.7363048732872775e+002
  3.4000000000000066e+000   1.7437767638958269e+002  -3.9999999876536023e+000   1.7384378351321666e+002
  3.5000000000000067e+000   1.7457928641136672e+002  -3.9999999942796434e+000   1.7404777441739179e+002
  3.6000000000000068e+000   1.7477459593306790e+002  -3.9999999970041831e+000   1.7424479806066600e+002
  3.7000000000000068e+000   1.7496506180918379e+002  -3.9999999984494674e+000   1.7443650880607524e+002
  3.8000000000000069e+000   1.7515168035932075e+002  -3.9999999992845123e+000   1.7462404524355614e+002
  3.9000000000000070e+000   1.7533510616761473e+002  -3.9999999996496749e+000   1.7480814604158911e+002
  4.0000000000000071e+000   1.7551590421346026e+002  -3.9999999997998055e+000   1.7498944860599599e+002
  4.1000000000000076e+000   1.7569447411641218e+002  -3.9999999998844151e+000   1.7516839922957132e+002
  4.2000000000000082e+000   1.7587110692997268e+002  -3.9999999999156253e+000   1.7534531657486568e+002
  4.3000000000000087e+000   1.7604603942734917e+002  -3.9999999999495297e+000   1.7552045938495542e+002
  4.4000000000000092e+000   1.7621944495046677e+002  -3.9999999999732099e+000   1.7569402059860346e+002
  4.5000000000000098e+000   1.7639148845170249e+002  -3.9999999999924722e+000   1.7586616988367712e+002
  4.6000000000000103e+000   1.7656227208205138e+002  -4.0000000000000000e+000   1.7603700780238341e+002
  4.7000000000000108e+000   1.7673188553833279e+002  -4.0000000000000000e+000   1.7620664675826535e+002
  4.8000000000000114e+000   1.7690044255705683e+002  -4.0000000000000000e+000   1.7637519736635002e+002
  4.9000000000000119e+000   1.7706802496163220e+002  -4.0000000000000000e+000   1.7654274918821639e+002
  5.0000000000000124e+000   1.7723467803580976e+002  -4.0000000000000000e+000   1.7670934941399210e+002
  5.1000000000000130e+000   1.7740047039149985e+002  -4.0000000000000000e+000   1.7687507012448580e+002
  5.2000000000000135e+000   1.7756546631591922e+002  -4.0000000000000000e+000   1.7703997872151001e+002
  5.3000000000000140e+000   1.7772971117034129e+002  -4.0000000000000000e+000   1.7720412212644274e+002
  5.4000000000000146e+000   1.7789324657016661e+002  -4.0000000000000000e+000   1.7736754371614040e+002
  5.5000000000000151e+000   1.7805610949556993e+002  -4.0000000000000000e+000   1.7753028193690233e+002
  5.6000000000000156e+000   1.7821833085811951e+002  -4.0000000000000000e+000   1.7769236887857903e+002
  5.7000000000000162e+000   1.7837993867714849e+002  -4.0000000000000000e+000   1.7785383354220423e+002
  5.8000000000000167e+000   1.7854095696344382e+002  -4.0000000000000000e+000   1.7801470087903542e+002
  5.9000000000000172e+000   1.7870140894611609e+002  -4.0000000000000000e+000   1.7817499497026981e+002
  6.0000000000000178e+000   1.7886131865837629e+002  -4.0000000000000000e+000   1.7833474072893108e+002
  6.1000000000000183e+000   1.7902070714785921e+002  -4.0000000000000000e+000   1.7849395987393333e+002
  6.2000000000000188e+000   1.7917958974789386e+002  -4.0000000000000000e+000   1.7865266827982097e+002
  6.3000000000000194e+000   1.7933798094555513e+002  -4.0000000000000000e+000   1.7881088093402829e+002
  6.4000000000000199e+000   1.7949589580631002e+002  -4.0000000000000000e+000   1.7896861339659623e+002
  6.5000000000000204e+000   1.7965334770324878e+002  -4.0000000000000000e+000   1.7912587947014876e+002
  6.6000000000000210e+000   1.7981034921392416e+002  -4.0000000000000000e+000   1.7928269213322042e+002
  6.7000000000000215e+000   1.7996691102384105e+002  -4.0000000000000000e+000   1.7943906240643096e+002
  6.8000000000000220e+000   1.8012304285893276e+002  -4.0000000000000000e+000   1.7959500032754292e+002
  6.9000000000000226e+000   1.8027875439208790e+002  -4.0000000000000000e+000   1.7975051584176262e+002
  7.0000000000000231e+000   1.8043405676854636e+002  -4.0000000000000000e+000   1.7990562044242699e+002
  7.1000000000000236e+000   1.8058895039269652e+002  -4.0000000000000000e+000   1.8006031454664685e+002
  7.2000000000000242e+000   1.8074344515051939e+002  -4.0000000000000000e+000   1.8021460835446626e+002
  7.3000000000000247e+000   1.8089754870060355e+002  -4.0000000000000000e+000   1.8036850971680022e+002
  7.4000000000000252e+000   1.8105126612822673e+002  -4.0000000000000000e+000   1.8052202386787576e+002
  7.5000000000000258e+000   1.8120460143860632e+002  -4.0000000000000000e+000   1.8067515493399554e+002
  7.6000000000000263e+000   1.8135756096306574e+002  -4.0000000000000000e+000   1.8082790941370240e+002
  7.7000000000000268e+000   1.8151014954067566e+002  -4.0000000000000000e+000   1.8098029227838813e+002
  7.8000000000000274e+000   1.8166237011201164e+002  -4.0000000000000000e+000   1.8113230654639025e+002
  7.9000000000000279e+000   1.8181422692812768e+002  -4.0000000000000000e+000   1.8128395658175305e+002
  8.0000000000000284e+000   1.8196572370916351e+002  -4.0000000000000000e+000   1.8143524761370855e+002
  8.1000000000000281e+000   1.8211686506275188e+002  -4.0000000000000000e+000   1.8158618011884971e+002
  8.2000000000000277e+000   1.8226765490902389e+002  -4.0000000000000000e+000   1.8173676227196205e+002
  8.3000000000000274e+000   1.8241809290792824e+002  -4.0000000000000000e+000   1.8188699257192843e+002
  8.4000000000000270e+000   1.8256818295998906e+002  -4.0000000000000000e+000   1.8203687475768277e+002
  8.5000000000000266e+000   1.8271792812765341e+002  -4.0000000000000000e+000   1.8218641203883820e+002
  8.6000000000000263e+000   1.8286732997188437e+002  -4.0000000000000000e+000   1.8233560601422062e+002
  8.7000000000000259e+000   1.8301639088828568e+002  -4.0000000000000000e+000   1.8248445912337857e+002
  8.8000000000000256e+000   1.8316511263248182e+002  -4.0000000000000000e+000   1.8263297316685274e+002
  8.9000000000000252e+000   1.8331349782066272e+002  -4.0000000000000000e+000   1.8278115081176639e+002
  9.0000000000000249e+000   1.8346154803645601e+002  -4.0000000000000000e+000   1.8292899367201312e+002
  9.1000000000000245e+000   1.8360926504102466e+002  -4.0000000000000000e+000   1.8307650354325878e+002
  9.2000000000000242e+000   1.8375665057945091e+002  -4.0000000000000000e+000   1.8322368220323105e+002
  9.3000000000000238e+000   1.8390370604221192e+002  -4.0000000000000000e+000   1.8337053106588135e+002
  9.4000000000000234e+000   1.8405043301973618e+002  -4.0000000000000000e+000   1.8351705175044776e+002
  9.5000000000000231e+000   1.8419683259424997e+002  -4.0000000000000000e+000   1.8366324535205143e+002
  9.6000000000000227e+000   1.8434290634181545e+002  -4.0000000000000000e+000   1.8380911347544989e+002
  9.7000000000000224e+000   1.8448865543530104e+002  -4.0000000000000000e+000   1.8395465731017907e+002
  9.8000000000000220e+000   1.8463408110037614e+002  -4.0000000000000000e+000   1.8409987809905974e+002
  9.9000000000000217e+000   1.8477918468470068e+002  -4.0000000000000000e+000   1.8424477720903684e+002
  1.0000000000000021e+001   1.8492396686644375e+002  -4.0000000000000000e+000   1.8438935532082374e+002
