  0.0000000000000000e+000   1.5000000000000000e+000  -4.0000000000000000e+000   1.5000000000000000e+000
  1.0000000000000023e-001   7.3778297498587619e+000  -3.9278808624784189e+000   2.5492952604987380e+000
  2.0000000000000046e-001   2.1190826256889025e+001  -3.6118414814458153e+000   8.8986508695778817e+000
  3.0000000000000071e-001   3.3891240608739800e+001  -3.0557713733799492e+000   1.9911204922955207e+001
  4.0000000000000091e-001   4.6117793871236842e+001  -2.2936208664158295e+000   3.2154396649228786e+001
  5.0000000000000111e-001   5.7788773599410149e+001  -1.3453093403286132e+000   4.4548681003230406e+001
  6.0000000000000131e-001   6.8979097953716305e+001  -2.2148590486902897e-001   5.6768022167700629e+001
  7.0000000000000151e-001   7.9710883899208156e+001   1.0703796651610000e+000   6.8689581750263883e+001
  8.0000000000000171e-001   8.9965914122325032e+001  -1.2663811468469857e+000   7.9815319413549787e+001
  9.0000000000000191e-001   9.9593995653285688e+001  -2.7469356833820227e+000   8.9916266498608806e+001
  1.0000000000000022e+000   1.0853379347287533e+002  -3.4397088407849941e+000   9.9375739388197488e+001
  1.1000000000000025e+000   1.1679157031507245e+002  -3.7566698587586549e+000   1.0828682132387284e+002
  1.2000000000000028e+000   1.2437969085407168e+002  -3.8975510615830262e+000   1.1663934981074411e+002
  1.3000000000000032e+000   1.3130092548963376e+002  -3.9579169707920299e+000   1.2439458660283496e+002
  1.4000000000000035e+000   1.3754906164042069e+002  -3.9829860153297356e+000   1.3150928507792656e+002
  1.5000000000000038e+000   1.4311479587853415e+002  -3.9931105280618304e+000   1.3794342251773270e+002
  1.6000000000000041e+000   1.4799314961076533e+002  -3.9972472790389872e+000   1.4366397244841153e+002
  1.7000000000000044e+000   1.5219062790145148e+002  -3.9989091636874736e+000   1.4864930634921143e+002
  1.8000000000000047e+000   1.5573078149172619e+002  -3.9995156937550624e+000   1.5289542015895904e+002
  1.9000000000000050e+000   1.5865633837516296e+002  -3.9998110875656923e+000   1.5642234786452175e+002
  2.0000000000000053e+000   1.6102755265725889e+002  -3.9999271702202823e+000   1.5927817871945371e+002
  2.1000000000000054e+000   1.6291667093710510e+002  -3.9999712149290421e+000   1.6153687502228880e+002
  2.2000000000000055e+000   1.6440106557466214e+002  -3.9999884061047295e+000   1.6328976770153255e+002
  2.3000000000000056e+000   1.6555690765424507e+002  -3.9999953919573570e+000   1.6463397254382676e+002
  2.4000000000000057e+000   1.6645471479545941e+002  -3.9999982337930402e+000   1.6566135405400857e+002
  2.5000000000000058e+000   1.6715763924083976e+002  -3.9999993572687402e+000   1.6645251417758138e+002
  2.6000000000000059e+000   1.6771254441221657e+002  -3.9999997449976288e+000   1.6706688343051283e+002
  2.7000000000000060e+000   1.6816083235311314e+002  -3.9999998937810610e+000   1.6755562810244371e+002
  2.8000000000000060e+000   1.6853341322073123e+002  -3.9999999561727351e+000   1.6795555953710951e+002
  2.9000000000000061e+000   1.6885266144719515e+002  -3.9999999822567873e+000   1.6829329259518042e+002
  3.0000000000000062e+000   1.6913438633739588e+002  -3.9999999923994589e+000   1.6858749740614402e+002
  3.1000000000000063e+000   1.6938991614330581e+002  -3.9999999964976674e+000   1.6885151388146087e+002
  3.2000000000000064e+000   1.6962701557944609e+002  -3.9999999983019938e+000   1.6909439479497939e+002
  3.3000000000000065e+000   1.6985103083955104e+002  -3.9999999991990030e+000   1.6932237519069295e+002
  3.4000000000000066e+000   1.7006549764849740e+002  -3.9999999995539395e+000   1.6953957218682635e+002
  3.5000000000000067e+000   1.7027292844209549e+002  -3.9999999997441118e+000   1.6974895173559520e+002
  3.6000000000000068e+000   1.7047502408760454e+002  -3.9999999998443965e+000   1.6995243359951959e+002
  3.7000000000000068e+000   1.7067290151926133e+002  -3.9999999999148592e+000   1.7015135637755978e+002
  3.8000000000000069e+000   1.7086735405675273e+002  -3.9999999999606057e+000   1.7034657362385184e+002
  3.9000000000000070e+000   1.7105895349741053e+002  -3.9999999999847899e+000   1.7053873387363811e+002
  4.0000000000000071e+000   1.7124811865659694e+002  -3.9999999999949489e+000   1.7072831456504173e+002
  4.1000000000000076e+000   1.7143518562593482e+002  -3.9999999999978089e+000   1.7091568937454949e+002
  4.2000000000000082e+000   1.7162041723318669e+002  -3.9999999999981224e+000   1.7110114555497898e+002
  4.3000000000000087e+000   1.7180402170258657e+002  -3.9999999999982094e+000   1.7128490716826133e+002
  4.4000000000000092e+000   1.7198617382630567e+002  -3.9999999999988636e+000   1.7146716878834951e+002
  4.5000000000000098e+000   1.7216698521663221e+002  -3.9999999999999840e+000   1.7164804378465104e+002
  4.6000000000000103e+000   1.7234653977606413e+002  -4.0000000000000000e+000   1.7182760883218597e+002
  4.7000000000000108e+000   1.7252497913972374e+002  -4.0000000000000000e+000   1.7200603679523292e+002
  4.8000000000000114e+000   1.7270238290982249e+002  -4.0000000000000000e+000   1.7218340319883822e+002
  4.9000000000000119e+000   1.7287880972921360e+002  -4.0000000000000000e+000   1.7235976958652842e+002
  5.0000000000000124e+000   1.7305432718046271e+002  -4.0000000000000000e+000   1.7253520647768431e+002
  5.1000000000000130e+000   1.7322900148974151e+002  -4.0000000000000000e+000   1.7270978323843616e+002
  5.2000000000000135e+000   1.7340288138269611e+002  -4.0000000000000000e+000   1.7288355106619028e+002
  5.3000000000000140e+000   1.7357601094130493e+002  -4.0000000000000000e+000   1.7305655571168995e+002
  5.4000000000000146e+000   1.7374842904377252e+002  -4.0000000000000000e+000   1.7322883751587295e+002
  5.5000000000000151e+000   1.7392016830088050e+002  -4.0000000000000000e+000   1.7340043019741046e+002
  5.6000000000000156e+000   1.7409125924967034e+002  -4.0000000000000000e+000   1.7357136543191075e+002
  5.7000000000000162e+000   1.7426172797623653e+002  -4.0000000000000000e+000   1.7374167034089581e+002
  5.8000000000000167e+000   1.7443159875044790e+002  -4.0000000000000000e+000   1.7391137005797867e+002
  5.9000000000000172e+000   1.7460089605834236e+002  -4.0000000000000000e+000   1.7408048993964144e+002
  6.0000000000000178e+000   1.7476964056978761e+002  -4.0000000000000000e+000   1.7424905136380798e+002
  6.1000000000000183e+000   1.7493785082847882e+002  -4.0000000000000000e+000   1.7441707350414944e+002
  6.2000000000000188e+000   1.7510554352093942e+002  -4.0000000000000000e+000   1.7458457543813648e+002
  6.3000000000000194e+000   1.7527269831194485e+002  -4.0000000000000000e+000   1.7475153106654540e+002
  6.4000000000000199e+000   1.7543940151890087e+002  -4.0000000000000000e+000   1.7491803466702055e+002
  6.5000000000000204e+000   1.7560562807212949e+002  -4.0000000000000000e+000   1.7508405800601858e+002
  6.6000000000000210e+000   1.7577138883158628e+002  -4.0000000000000000e+000   1.7524961273428093e+002
  6.7000000000000215e+000   1.7593669358710031e+002  -4.0000000000000000e+000   1.7541470893430611e+002
  6.8000000000000220e+000   1.7610155251055144e+002  -4.0000000000000000e+000   1.7557935709677088e+002
  6.9000000000000226e+000   1.7626597492710474e+002  -4.0000000000000000e+000   1.7574356682122669e+002
  7.0000000000000231e+000   1.7642996908814527e+002  -4.0000000000000000e+000   1.7590734660235836e+002
  7.1000000000000236e+000   1.7659354225496978e+002  -4.0000000000000000e+000   1.7607070391130299e+002
  7.2000000000000242e+000   1.7675670121679116e+002  -4.0000000000000000e+000   1.7623364573144804e+002
  7.3000000000000247e+000   1.7691945244521196e+002  -4.0000000000000000e+000   1.7639617872121752e+002
  7.4000000000000252e+000   1.7708180150120037e+002  -4.0000000000000000e+000   1.7655830857634379e+002
  7.5000000000000258e+000   1.7724375333558697e+002  -4.0000000000000000e+000   1.7672004039548972e+002
  7.6000000000000263e+000   1.7740531229578920e+002  -4.0000000000000000e+000   1.7688137864117053e+002
  7.7000000000000268e+000   1.7756648225601393e+002  -4.0000000000000000e+000   1.7704232728929151e+002
  7.8000000000000274e+000   1.7772726750735185e+002  -4.0000000000000000e+000   1.7720289074036171e+002
  7.9000000000000279e+000   1.7788767215777995e+002  -4.0000000000000000e+000   1.7736307320305082e+002
  8.0000000000000284e+000   1.7804770031113404e+002  -4.0000000000000000e+000   1.7752287888302007e+002
  8.1000000000000281e+000   1.7820735489959620e+002  -4.0000000000000000e+000   1.7768231077669392e+002
  8.2000000000000277e+000   1.7836663943335145e+002  -4.0000000000000000e+000   1.7784137247995145e+002
  8.3000000000000274e+000   1.7852555653856601e+002  -4.0000000000000000e+000   1.7800006667869434e+002
  8.4000000000000270e+000   1.7868410907924027e+002  -4.0000000000000000e+000   1.7815839630370007e+002
  8.5000000000000266e+000   1.7884229965702681e+002  -4.0000000000000000e+000   1.7831636401490354e+002
  8.6000000000000263e+000   1.7900013146414054e+002  -4.0000000000000000e+000   1.7847397305387557e+002
  8.7000000000000259e+000   1.7915760569890284e+002  -4.0000000000000000e+000   1.7863122465350327e+002
  8.8000000000000256e+000   1.7931472448633406e+002  -4.0000000000000000e+000   1.7878812098038270e+002
  8.9000000000000252e+000   1.7947148927390461e+002  -4.0000000000000000e+000   1.7894466351055593e+002
  9.0000000000000249e+000   1.7962790136538885e+002  -4.0000000000000000e+000   1.7910085356897173e+002
  9.1000000000000245e+000   1.7978396422338926e+002  -4.0000000000000000e+000   1.7925669467953739e+002
  9.2000000000000242e+000   1.7993967667789968e+002  -4.0000000000000000e+000   1.7941218564642935e+002
  9.3000000000000238e+000   1.8009504124983619e+002  -4.0000000000000000e+000   1.7956732903277310e+002
  9.4000000000000234e+000   1.8025005951504681e+002  -4.0000000000000000e+000   1.7972212644270493e+002
  9.5000000000000231e+000   1.8040473360261328e+002  -4.0000000000000000e+000   1.7987658004142719e+002
  9.6000000000000227e+000   1.8055906338848695e+002  -4.0000000000000000e+000   1.8003068968331107e+002
  9.7000000000000224e+000   1.8071305166183393e+002  -4.0000000000000000e+000   1.8018445821054752e+002
  9.8000000000000220e+000   1.8086670022058510e+002  -4.0000000000000000e+000   1.8033788744870759e+002
  9.9000000000000217e+000   1.8102001004043274e+002  -4.0000000000000000e+000   1.8049097838247795e+002
  1.0000000000000021e+001   1.8117298110478853e+002  -4.0000000000000000e+000   1.8064373098176327e+002
