  0.0000000000000000e+000   1.5000000000000000e+000  -4.0000000000000000e+000   1.5000000000000000e+000
  1.0000000000000023e-001   3.2234744867187222e+000  -3.9278808884972922e+000   1.9835767275953906e+000
  2.0000000000000046e-001   8.4954329437550040e+000  -3.6118411214161932e+000   4.5143952202513695e+000
  3.0000000000000071e-001   1.4676788065952099e+001  -3.0557762242362712e+000   9.9595147682752412e+000
  4.0000000000000091e-001   2.0898178334716874e+001  -2.2936264293048287e+000   1.6721024413422747e+001
  5.0000000000000111e-001   2.7055261815777818e+001  -1.3452938602085958e+000   2.3598624611323164e+001
  6.0000000000000131e-001   3.3054978722208375e+001  -2.2144936750307931e-001   3.0273302800002263e+001
  7.0000000000000151e-001   3.8841317666005601e+001   1.0704497825425481e+000   3.6675826410593956e+001
  8.0000000000000171e-001   4.4390587046570673e+001   2.5235363780670088e+000   4.2785716935506926e+001
  9.0000000000000191e-001   4.9697116583931020e+001   4.1309314818275773e+000   4.8589409734255334e+001
  1.0000000000000022e+000   5.4763178352688790e+001   5.8856360406115016e+000   5.4073194930812434e+001
  1.1000000000000025e+000   5.9589542389068690e+001   7.6667079603185240e+000   5.9217487695319861e+001
  1.2000000000000028e+000   6.4155823619165076e+001   9.3607481953063871e+000   6.4001083217082808e+001
  1.3000000000000032e+000   6.8425556883511717e+001   1.0972127345837233e+001   6.8416880246928656e+001
  1.4000000000000035e+000   7.2357653064661136e+001   1.2504896184163943e+001   7.2461478157595650e+001
  1.5000000000000038e+000   7.5899262016675607e+001   1.3962901480007197e+001   7.6144799384123161e+001
  1.6000000000000041e+000   7.9000979501785551e+001   1.5349796879013383e+001   7.9453157606273138e+001
  1.7000000000000044e+000   8.1606231031342134e+001   1.6669051462524415e+001   8.2354937778652939e+001
  1.8000000000000047e+000   8.3639596039204960e+001   1.7923965028562584e+001   8.4807057454612547e+001
  1.9000000000000050e+000   8.5105190908966975e+001   1.9117675538201382e+001   8.6784914914643338e+001
  2.0000000000000053e+000   8.6016246709611607e+001   2.0253167978814080e+001   8.8301528327439229e+001
  2.1000000000000054e+000   8.6487095691871346e+001   2.1333282836313725e+001   8.9389716068609687e+001
  2.2000000000000055e+000   8.6716017663478681e+001   2.2360718919895103e+001   9.0159379861503126e+001
  2.3000000000000056e+000   8.6861896649794176e+001   2.3338045815625897e+001   9.0741541401946876e+001
  2.4000000000000057e+000   8.7011157658901283e+001   2.4267708039459258e+001   9.1240683236680297e+001
  2.5000000000000058e+000   8.7196908388191517e+001   2.5152030461558024e+001   9.1721362082260683e+001
  2.6000000000000059e+000   8.7424921051240830e+001   2.5993223859474654e+001   9.2215226283847969e+001
  2.7000000000000060e+000   8.7690357929870686e+001   2.6793391781954007e+001   9.2733630585160540e+001
  2.8000000000000060e+000   8.7985245710049611e+001   2.7554535036505840e+001   9.3277016094204157e+001
  2.9000000000000061e+000   8.8301806960638856e+001   2.8278556910258573e+001   9.3841114627966363e+001
  3.0000000000000062e+000   8.8633447164011315e+001   2.8967267813039605e+001   9.4420112214705398e+001
  3.1000000000000063e+000   8.8975017363289481e+001   2.9622389886164079e+001   9.5008402142526165e+001
  3.2000000000000064e+000   8.9322545936411288e+001   3.0245561282941878e+001   9.5601111790659104e+001
  3.3000000000000065e+000   8.9673005167722778e+001   3.0838340241931071e+001   9.6194201095871279e+001
  3.4000000000000066e+000   9.0024111720988017e+001   3.1402209010735866e+001   9.6784482466652250e+001
  3.5000000000000067e+000   9.0374102310882151e+001   3.1938577563585319e+001   9.7369480885539801e+001
  3.6000000000000068e+000   9.0721586357437360e+001   3.2448787114700103e+001   9.7947254085370844e+001
  3.7000000000000068e+000   9.1065463432028352e+001   3.2934114445365068e+001   9.8516261060312871e+001
  3.8000000000000069e+000   9.1416940414645296e+001   3.3395771715897844e+001   9.9075603165954220e+001
  3.9000000000000070e+000   9.2429726150557599e+001   3.3834913111240425e+001   9.9773403708377245e+001
  4.0000000000000071e+000   9.3665669045120950e+001   3.4252637328005726e+001   1.0080320610582531e+002
  4.1000000000000076e+000   9.4745782766361998e+001   2.7376711061891687e+001   1.0118632092144415e+002
  4.2000000000000082e+000   9.5419553380418378e+001   2.6658223702062259e+001   1.0123836486039326e+002
  4.3000000000000087e+000   9.5816769433363390e+001   2.5986772671274451e+001   1.0124801782613883e+002
  4.4000000000000092e+000   9.6046092946507059e+001   2.5476563450761965e+001   1.0124958045919379e+002
  4.5000000000000098e+000   9.6177259750746359e+001   2.5141624924160752e+001   1.0124999139655141e+002
  4.6000000000000103e+000   9.6251919503303043e+001   2.4936001576217475e+001   1.0125030535024727e+002
  4.7000000000000108e+000   9.6294310286802329e+001   2.4815591226966522e+001   1.0125048327955844e+002
  4.8000000000000114e+000   9.6318321566718581e+001   2.4746465880320105e+001   1.0125049552448920e+002
  4.9000000000000119e+000   9.6331881118503674e+001   2.4706593800979689e+001   1.0125036033082580e+002
  5.0000000000000124e+000   9.6339525475731350e+001   2.4683435856611379e+001   1.0125011842036008e+002
  5.1000000000000130e+000   9.6343685481267528e+001   2.4670338531871540e+001   1.0124974736305684e+002
  5.2000000000000135e+000   9.6345826518309252e+001   2.4662603469573604e+001   1.0124928928498635e+002
  5.3000000000000140e+000   9.6346886101019408e+001   2.4657823159304066e+001   1.0124875096313588e+002
  5.4000000000000146e+000   9.6347302231252698e+001   2.4654686190525268e+001   1.0124814508986157e+002
  5.5000000000000151e+000   9.6347331798755420e+001   2.4652497967473863e+001   1.0124747606537041e+002
  5.6000000000000156e+000   9.6347117539270499e+001   2.4650868216498779e+001   1.0124675050201836e+002
  5.7000000000000162e+000   9.6346748953304342e+001   2.4649534103738340e+001   1.0124597279741131e+002
  5.8000000000000167e+000   9.6346279513479047e+001   2.4648361234303351e+001   1.0124514622673107e+002
  5.9000000000000172e+000   9.6345738422467889e+001   2.4647278403201422e+001   1.0124427450995123e+002
  6.0000000000000178e+000   9.6345143207983526e+001   2.4646239872710940e+001   1.0124336073816764e+002
  6.1000000000000183e+000   9.6344501225566361e+001   2.4645234112123585e+001   1.0124240757644600e+002
  6.2000000000000188e+000   9.6343821141746488e+001   2.4644230693621978e+001   1.0124141771103054e+002
  6.3000000000000194e+000   9.6343106162440051e+001   2.4643244987642682e+001   1.0124039317929872e+002
  6.4000000000000199e+000   9.6342362470732482e+001   2.4642250149639533e+001   1.0123933637043814e+002
  6.5000000000000204e+000   9.6341590544355213e+001   2.4641263997005655e+001   1.0123824925470866e+002
  6.6000000000000210e+000   9.6340793989448528e+001   2.4640268774139855e+001   1.0123713389648260e+002
  6.7000000000000215e+000   9.6339973938812022e+001   2.4639271114149683e+001   1.0123599192500129e+002
  6.8000000000000220e+000   9.6339132201610184e+001   2.4638268431040352e+001   1.0123482501725292e+002
  6.9000000000000226e+000   9.6338270290580368e+001   2.4637263018879086e+001   1.0123363468398350e+002
  7.0000000000000231e+000   9.6337389326770648e+001   2.4636248137139589e+001   1.0123242246850310e+002
  7.1000000000000236e+000   9.6336490823305766e+001   2.4635223257950376e+001   1.0123118973980445e+002
  7.2000000000000242e+000   9.6335576252711391e+001   2.4634192338769473e+001   1.0122993772640272e+002
  7.3000000000000247e+000   9.6334645165909478e+001   2.4633177818904503e+001   1.0122866732147001e+002
  7.4000000000000252e+000   9.6333699060745730e+001   2.4632165815696791e+001   1.0122737986253794e+002
  7.5000000000000258e+000   9.6332739631136690e+001   2.4631136190247037e+001   1.0122607671118482e+002
  7.6000000000000263e+000   9.6331766678930578e+001   2.4630108766862374e+001   1.0122475862136933e+002
  7.7000000000000268e+000   9.6330781386814365e+001   2.4629079997032804e+001   1.0122342644786268e+002
  7.8000000000000274e+000   9.6329784946429967e+001   2.4628046824119664e+001   1.0122208095609986e+002
  7.9000000000000279e+000   9.6328777903983394e+001   2.4627015376650021e+001   1.0122072284379334e+002
  8.0000000000000284e+000   9.6327760958925822e+001   2.4625982092717546e+001   1.0121935306593601e+002
  8.1000000000000281e+000   9.6326734787283911e+001   2.4624944614160562e+001   1.0121797250729043e+002
  8.2000000000000277e+000   9.6325700089076335e+001   2.4623905899247983e+001   1.0121658180663063e+002
  8.3000000000000274e+000   9.6324657264610494e+001   2.4622863153013043e+001   1.0121518153737132e+002
  8.4000000000000270e+000   9.6323606808256343e+001   2.4621816863756870e+001   1.0121377230902037e+002
  8.5000000000000266e+000   9.6322549258324841e+001   2.4620770061253392e+001   1.0121235474010875e+002
  8.6000000000000263e+000   9.6321485039615979e+001   2.4619725542385630e+001   1.0121092937315287e+002
  8.7000000000000259e+000   9.6320414596898743e+001   2.4618680103006017e+001   1.0120949673628903e+002
  8.8000000000000256e+000   9.6319338367733934e+001   2.4617627476270723e+001   1.0120805733284278e+002
  8.9000000000000252e+000   9.6318256631568502e+001   2.4616574516422329e+001   1.0120661158341005e+002
  9.0000000000000249e+000   9.6317169677661894e+001   2.4615523443375903e+001   1.0120515989030861e+002
  9.1000000000000245e+000   9.6316077831117369e+001   2.4614474750647883e+001   1.0120370265669135e+002
  9.2000000000000242e+000   9.6314981695628433e+001   2.4613419194031160e+001   1.0120224040865706e+002
  9.3000000000000238e+000   9.6313881383863389e+001   2.4612363336994811e+001   1.0120077340810447e+002
  9.4000000000000234e+000   9.6312777157017138e+001   2.4611308473464192e+001   1.0119930197445115e+002
  9.5000000000000231e+000   9.6311669252271926e+001   2.4610256378239672e+001   1.0119782639783988e+002
  9.6000000000000227e+000   9.6310558128256019e+001   2.4609200190905387e+001   1.0119634715098518e+002
  9.7000000000000224e+000   9.6309443939812411e+001   2.4608143998144385e+001   1.0119486443586476e+002
  9.8000000000000220e+000   9.6308326918102836e+001   2.4607088755605030e+001   1.0119337851177389e+002
  9.9000000000000217e+000   9.6307207283005226e+001   2.4606035571909722e+001   1.0119188961971876e+002
  1.0000000000000000e+001   9.6306085271418695e+001   2.4604981313903270e+001   1.0119039808380525e+002
