  0.0000000000000000e+000   1.5000000000000000e+000  -4.0000000000000000e+000   1.5000000000000000e+000
  1.0000000000000023e-001   9.4461798804079500e+000  -3.9278808532892087e+000   2.8271842590898921e+000
  2.0000000000000046e-001   2.6330524752195341e+001  -3.6118414504226681e+000   1.0879936918612819e+001
  3.0000000000000071e-001   4.1509136625350671e+001  -3.3130398935000427e+000   2.4049504851086741e+001
  4.0000000000000091e-001   5.6128715870026618e+001  -3.5579234084015718e+000   3.8410823594593126e+001
  5.0000000000000111e-001   6.9990335353223713e+001  -3.7499513232008992e+000   5.2819252986386083e+001
  6.0000000000000131e-001   8.3188291812742435e+001  -3.8696222065162429e+000   6.6922343309860651e+001
  7.0000000000000151e-001   9.5704745230355712e+001  -3.9357224160233582e+000   8.0560706873003952e+001
  8.0000000000000171e-001   1.0750726521112770e+002  -3.9695823536677741e+000   9.3631699753119989e+001
  9.0000000000000191e-001   1.1853596374991942e+002  -3.9860167767800663e+000   1.0604838045387359e+002
  1.0000000000000022e+000   1.2870450682156482e+002  -3.9937357633621757e+000   1.1771930904796747e+002
  1.1000000000000025e+000   1.3790213508672684e+002  -3.9972778245248484e+000   1.2853534887284655e+002
  1.2000000000000028e+000   1.4600391530379309e+002  -3.9988445445666776e+000   1.3836241443099203e+002
  1.3000000000000032e+000   1.5289465582589415e+002  -3.9995236261606926e+000   1.4704007175024597e+002
  1.4000000000000035e+000   1.5851353936852476e+002  -3.9998095054504703e+000   1.5439795152849132e+002
  1.5000000000000038e+000   1.6290145866793262e+002  -3.9999237552007321e+000   1.6030174263697586e+002
  1.6000000000000041e+000   1.6621512766841971e+002  -3.9999697598946433e+000   1.6473187101826795e+002
  1.7000000000000044e+000   1.6867819848918830e+002  -3.9999881625236666e+000   1.6785501607437607e+002
  1.8000000000000047e+000   1.7050860517981647e+002  -3.9999953853318826e+000   1.7000635366911621e+002
  1.9000000000000050e+000   1.7189466337686437e+002  -3.9999982076588836e+000   1.7154049135532964e+002
  2.0000000000000053e+000   1.7299528618604646e+002  -3.9999993003787293e+000   1.7271271284232256e+002
  2.1000000000000054e+000   1.7392774763672404e+002  -3.9999997294722873e+000   1.7368100016403906e+002
  2.2000000000000055e+000   1.7476674876918742e+002  -3.9999998970294750e+000   1.7453820140591361e+002
  2.3000000000000056e+000   1.7555438444651347e+002  -3.9999999610786796e+000   1.7533520872340534e+002
  2.4000000000000057e+000   1.7631346980101702e+002  -3.9999999845994956e+000   1.7609920212629291e+002
  2.5000000000000058e+000   1.7705648950126599e+002  -3.9999999937519495e+000   1.7684498250322224e+002
  2.6000000000000059e+000   1.7778965822463093e+002  -3.9999999974201961e+000   1.7757978910315032e+002
  2.7000000000000060e+000   1.7851611943495843e+002  -3.9999999988258232e+000   1.7830729728757214e+002
  2.8000000000000060e+000   1.7923771903304166e+002  -3.9999999993897508e+000   1.7902961911311331e+002
  2.9000000000000061e+000   1.7995555683111985e+002  -3.9999999996684625e+000   1.7974798235567573e+002
  3.0000000000000062e+000   1.8067033749580145e+002  -3.9999999998516547e+000   1.8046316140864192e+002
  3.1000000000000063e+000   1.8138252325861444e+002  -3.9999999999786198e+000   1.8117565306573627e+002
  3.2000000000000064e+000   1.8209242269919883e+002  -4.0000000000000000e+000   1.8188577731088694e+002
  3.3000000000000065e+000   1.8280033729124784e+002  -4.0000000000000000e+000   1.8259385791687527e+002
  3.4000000000000066e+000   1.8350650182196745e+002  -4.0000000000000000e+000   1.8330014337237478e+002
  3.5000000000000067e+000   1.8421110931411377e+002  -4.0000000000000000e+000   1.8400483592773722e+002
  3.6000000000000068e+000   1.8491430741485749e+002  -4.0000000000000000e+000   1.8470808930772196e+002
  3.7000000000000068e+000   1.8561622396228276e+002  -4.0000000000000000e+000   1.8541003637278973e+002
  3.8000000000000069e+000   1.8631696557872223e+002  -4.0000000000000000e+000   1.8611078772252583e+002
  3.9000000000000070e+000   1.8701662301552958e+002  -4.0000000000000000e+000   1.8681043733304958e+002
  4.0000000000000071e+000   1.8771527280177776e+002  -4.0000000000000000e+000   1.8750906432581459e+002
  4.1000000000000076e+000   1.8841298325860967e+002  -4.0000000000000000e+000   1.8820673508054759e+002
  4.2000000000000082e+000   1.8910981230700639e+002  -4.0000000000000000e+000   1.8890352189435134e+002
  4.3000000000000087e+000   1.8980580833012476e+002  -4.0000000000000000e+000   1.8959946163356773e+002
  4.4000000000000092e+000   1.9050101161588674e+002  -4.0000000000000000e+000   1.9029460048058104e+002
  4.5000000000000098e+000   1.9114898876586270e+002  -4.0000000000000000e+000   1.9082955281088405e+002
  4.6000000000000103e+000   1.9131080563790744e+002  -4.0000000000000000e+000   1.9049343923770456e+002
  4.7000000000000108e+000   1.9084951055454255e+002  -4.0000000000000000e+000   1.8935335025005088e+002
  4.8000000000000114e+000   1.9006279796567671e+002  -4.0000000000000000e+000   1.8847486058429305e+002
  4.9000000000000119e+000   1.8929361684374365e+002  -4.0000000000000000e+000   1.8778949256090499e+002
  5.0000000000000124e+000   1.8859126579978550e+002  -4.0000000000000000e+000   1.8718341382989016e+002
  5.1000000000000130e+000   1.8795828701783509e+002  -4.0000000000000000e+000   1.8664059020067722e+002
  5.2000000000000135e+000   1.8739175769881822e+002  -4.0000000000000000e+000   1.8615683747236773e+002
  5.3000000000000140e+000   1.8688833063382231e+002  -4.0000000000000000e+000   1.8572929779263973e+002
  5.4000000000000146e+000   1.8644479716278539e+002  -4.0000000000000000e+000   1.8535531540066552e+002
  5.5000000000000151e+000   1.8605809229581433e+002  -4.0000000000000000e+000   1.8503236936272953e+002
  5.6000000000000156e+000   1.8572532099910435e+002  -4.0000000000000000e+000   1.8475808568667085e+002
  5.7000000000000162e+000   1.8544361497659943e+002  -4.0000000000000000e+000   1.8453009305974462e+002
  5.8000000000000167e+000   1.8521037020445908e+002  -4.0000000000000000e+000   1.8434619442963856e+002
  5.9000000000000172e+000   1.8502339634600756e+002  -4.0000000000000000e+000   1.8420456675121847e+002
  6.0000000000000178e+000   1.8488024319045559e+002  -4.0000000000000000e+000   1.8410314368797290e+002
  6.1000000000000183e+000   1.8477858316419582e+002  -4.0000000000000000e+000   1.8403993235395384e+002
  6.2000000000000188e+000   1.8471633792314273e+002  -4.0000000000000000e+000   1.8401313683346842e+002
  6.3000000000000194e+000   1.8469148767824038e+002  -4.0000000000000000e+000   1.8402099797512372e+002
  6.4000000000000199e+000   1.8470208778165173e+002  -4.0000000000000000e+000   1.8406181257416432e+002
  6.5000000000000204e+000   1.8474649760224551e+002  -4.0000000000000000e+000   1.8413414746696216e+002
  6.6000000000000210e+000   1.8482298374362574e+002  -4.0000000000000000e+000   1.8423647588686950e+002
  6.7000000000000215e+000   1.8492986315186204e+002  -4.0000000000000000e+000   1.8436729562713745e+002
  6.8000000000000220e+000   1.8506562305764504e+002  -4.0000000000000000e+000   1.8452525133870390e+002
  6.9000000000000226e+000   1.8522880422096543e+002  -4.0000000000000000e+000   1.8470903074864725e+002
  7.0000000000000231e+000   1.8541802378780093e+002  -4.0000000000000000e+000   1.8491738399918199e+002
  7.1000000000000236e+000   1.8563194441953129e+002  -4.0000000000000000e+000   1.8514909761699695e+002
  7.2000000000000242e+000   1.8586931022063180e+002  -4.0000000000000000e+000   1.8540302062360362e+002
  7.3000000000000247e+000   1.8612902771267082e+002  -4.0000000000000000e+000   1.8567815590095478e+002
  7.4000000000000252e+000   1.8640992541516135e+002  -4.0000000000000000e+000   1.8597342695600656e+002
  7.5000000000000258e+000   1.8671092729659918e+002  -4.0000000000000000e+000   1.8628783800958158e+002
  7.6000000000000263e+000   1.8703102414447983e+002  -4.0000000000000000e+000   1.8662045438712630e+002
  7.7000000000000268e+000   1.8736925283512247e+002  -4.0000000000000000e+000   1.8697038083913517e+002
  7.8000000000000274e+000   1.8772469796892352e+002  -4.0000000000000000e+000   1.8733676402224106e+002
  7.9000000000000279e+000   1.8809649163811991e+002  -4.0000000000000000e+000   1.8771879240483779e+002
  8.0000000000000284e+000   1.8848382126476881e+002  -4.0000000000000000e+000   1.8811570407170720e+002
  8.1000000000000281e+000   1.8888587231907650e+002  -4.0000000000000000e+000   1.8852673557425331e+002
  8.2000000000000277e+000   1.8930188263064261e+002  -4.0000000000000000e+000   1.8895116537759014e+002
  8.3000000000000274e+000   1.8973118630910642e+002  -4.0000000000000000e+000   1.8938836616629041e+002
  8.4000000000000270e+000   1.9017311867144966e+002  -4.0000000000000000e+000   1.8983771028129377e+002
  8.5000000000000266e+000   1.9062701542595289e+002  -4.0000000000000000e+000   1.9029856765820097e+002
  8.6000000000000263e+000   1.9107817916624231e+002  -4.0000000000000000e+000   1.9070311763382011e+002
  8.7000000000000259e+000   1.9126268184412072e+002  -4.0000000000000000e+000   1.9057789031567981e+002
  8.8000000000000256e+000   1.9104540211661055e+002  -4.0000000000000000e+000   1.8995919358496968e+002
  8.9000000000000252e+000   1.9048061237873870e+002  -4.0000000000000000e+000   1.8909703939322901e+002
  9.0000000000000249e+000   1.8983961542007344e+002  -4.0000000000000000e+000   1.8850196286895593e+002
  9.1000000000000245e+000   1.8925297419472685e+002  -4.0000000000000000e+000   1.8799415167199402e+002
  9.2000000000000242e+000   1.8872857113919832e+002  -4.0000000000000000e+000   1.8754698100403832e+002
  9.3000000000000238e+000   1.8826490755879885e+002  -4.0000000000000000e+000   1.8715483366754080e+002
  9.4000000000000234e+000   1.8785938224725155e+002  -4.0000000000000000e+000   1.8681480640053411e+002
  9.5000000000000231e+000   1.8750885170634325e+002  -4.0000000000000000e+000   1.8652421997810100e+002
  9.6000000000000227e+000   1.8721036124457225e+002  -4.0000000000000000e+000   1.8628073224683718e+002
  9.7000000000000224e+000   1.8696126038370554e+002  -4.0000000000000000e+000   1.8608217210947674e+002
  9.8000000000000220e+000   1.8675904469821646e+002  -4.0000000000000000e+000   1.8592643945191500e+002
  9.9000000000000217e+000   1.8660132936876181e+002  -4.0000000000000000e+000   1.8581151426413896e+002
  1.0000000000000000e+001   1.8648574865402915e+002  -4.0000000000000000e+000   1.8573535856752881e+002
