  0.0000000000000000e+000   1.5000000000000000e+000  -4.0000000000000000e+000   1.5000000000000000e+000
  1.0000000000000023e-001   7.3838053356958167e+000  -3.9278808607506770e+000   2.5845737938778544e+000
  2.0000000000000046e-001   2.1221445776442600e+001  -3.6118413898441419e+000   9.1213136361437517e+000
  3.0000000000000071e-001   3.3993505357198707e+001  -3.1020514489218631e+000   2.0469636815929508e+001
  4.0000000000000091e-001   4.6337902869975188e+001  -3.4221223415847506e+000   3.2954221931353509e+001
  5.0000000000000111e-001   5.8127985836984237e+001  -3.6731434351818404e+000   4.5381301928002507e+001
  6.0000000000000131e-001   6.9398154653747056e+001  -3.8296110272906967e+000   5.7458823872762927e+001
  7.0000000000000151e-001   8.0142890286415835e+001  -3.9160002798297842e+000   6.9086260086912560e+001
  8.0000000000000171e-001   9.0355085284360570e+001  -3.9602613947998959e+000   8.0213750487352954e+001
  9.0000000000000191e-001   1.0002336000107340e+002  -3.9818042429996479e+000   9.0808901108119841e+001
  1.0000000000000022e+000   1.0913231335838472e+002  -3.9918931189066988e+000   1.0084447205649219e+002
  1.1000000000000025e+000   1.1766286048608880e+002  -3.9965032854124689e+000   1.1029421692868284e+002
  1.2000000000000028e+000   1.2559388711965599e+002  -3.9984939856077677e+000   1.1913164302547821e+002
  1.3000000000000032e+000   1.3290260786569030e+002  -3.9993550857607851e+000   1.2732784779494209e+002
  1.4000000000000035e+000   1.3956770707965515e+002  -3.9997271613280994e+000   1.3485303566489168e+002
  1.5000000000000038e+000   1.4557260184808146e+002  -3.9998976577913434e+000   1.4167796204867071e+002
  1.6000000000000041e+000   1.5091026638316353e+002  -3.9999643637952023e+000   1.4777813334519419e+002
  1.7000000000000044e+000   1.5558709935111284e+002  -3.9999848274897434e+000   1.5313969018569858e+002
  1.8000000000000047e+000   1.5962661028047836e+002  -3.9999941334520366e+000   1.5776625334931774e+002
  1.9000000000000050e+000   1.6307019707099712e+002  -3.9999977203298882e+000   1.6168576381529417e+002
  2.0000000000000053e+000   1.6597496662332529e+002  -3.9999991513403725e+000   1.6495316022255784e+002
  2.1000000000000054e+000   1.6840819967640053e+002  -3.9999997324048713e+000   1.6764703888118589e+002
  2.2000000000000055e+000   1.7044203904194205e+002  -3.9999998975755262e+000   1.6986047999976256e+002
  2.3000000000000056e+000   1.7214838385987210e+002  -3.9999999597288438e+000   1.7168778531875714e+002
  2.4000000000000057e+000   1.7359455757230754e+002  -3.9999999906019577e+000   1.7321528168672018e+002
  2.5000000000000058e+000   1.7484015833870984e+002  -3.9999999977042009e+000   1.7451591074317130e+002
  2.6000000000000059e+000   1.7593497073245504e+002  -3.9999999982303094e+000   1.7564792848614789e+002
  2.7000000000000060e+000   1.7691861776402445e+002  -3.9999999993322986e+000   1.7665687230358108e+002
  2.8000000000000060e+000   1.7782149848639003e+002  -4.0000000000000000e+000   1.7757713522799435e+002
  2.9000000000000061e+000   1.7866630524305310e+002  -4.0000000000000000e+000   1.7843392863175674e+002
  3.0000000000000062e+000   1.7946879355144932e+002  -4.0000000000000000e+000   1.7924469364965660e+002
  3.1000000000000063e+000   1.8024144034736744e+002  -4.0000000000000000e+000   1.8002311650121413e+002
  3.2000000000000064e+000   1.8099246509411270e+002  -4.0000000000000000e+000   1.8077819137754489e+002
  3.3000000000000065e+000   1.8172784015019596e+002  -4.0000000000000000e+000   1.8151644290828199e+002
  3.4000000000000066e+000   1.8245165071387834e+002  -4.0000000000000000e+000   1.8224232527081244e+002
  3.5000000000000067e+000   1.8316673510375290e+002  -4.0000000000000000e+000   1.8295892944787366e+002
  3.6000000000000068e+000   1.8387511522876343e+002  -4.0000000000000000e+000   1.8366844869015463e+002
  3.7000000000000068e+000   1.8457795231127031e+002  -4.0000000000000000e+000   1.8437215190203804e+002
  3.8000000000000069e+000   1.8527634151356108e+002  -4.0000000000000000e+000   1.8507121519689065e+002
  3.9000000000000070e+000   1.8597091340917416e+002  -4.0000000000000000e+000   1.8576631980322765e+002
  4.0000000000000071e+000   1.8666219846348497e+002  -4.0000000000000000e+000   1.8645803483894539e+002
  4.1000000000000076e+000   1.8735064141989429e+002  -4.0000000000000000e+000   1.8714683565939049e+002
  4.2000000000000082e+000   1.8803653087786685e+002  -4.0000000000000000e+000   1.8783302899778525e+002
  4.3000000000000087e+000   1.8872007442055624e+002  -4.0000000000000000e+000   1.8851683458738879e+002
  4.4000000000000092e+000   1.8940143928854988e+002  -4.0000000000000000e+000   1.8919842911825768e+002
  4.5000000000000098e+000   1.9008075728160640e+002  -4.0000000000000000e+000   1.8987795139059196e+002
  4.6000000000000103e+000   1.9075812597098601e+002  -4.0000000000000000e+000   1.9055503651630028e+002
  4.7000000000000108e+000   1.9126563697895153e+002  -4.0000000000000000e+000   1.9080223011211481e+002
  4.8000000000000114e+000   1.9119677376489997e+002  -4.0000000000000000e+000   1.9019692494941322e+002
  4.9000000000000119e+000   1.9058789540083404e+002  -4.0000000000000000e+000   1.8907557106388595e+002
  5.0000000000000124e+000   1.8980975149407695e+002  -4.0000000000000000e+000   1.8831021102438891e+002
  5.1000000000000130e+000   1.8908097849241992e+002  -4.0000000000000000e+000   1.8766809793199045e+002
  5.2000000000000135e+000   1.8842186113685037e+002  -4.0000000000000000e+000   1.8709800810827170e+002
  5.3000000000000140e+000   1.8783235809041599e+002  -4.0000000000000000e+000   1.8659044872845436e+002
  5.4000000000000146e+000   1.8730919525133919e+002  -4.0000000000000000e+000   1.8614236536501625e+002
  5.5000000000000151e+000   1.8684892366385100e+002  -4.0000000000000000e+000   1.8575106381994027e+002
  5.6000000000000156e+000   1.8644822145295032e+002  -4.0000000000000000e+000   1.8541374406700425e+002
  5.7000000000000162e+000   1.8610386636725997e+002  -4.0000000000000000e+000   1.8512767239194073e+002
  5.8000000000000167e+000   1.8581275579137710e+002  -4.0000000000000000e+000   1.8489020743534979e+002
  5.9000000000000172e+000   1.8557192028727039e+002  -4.0000000000000000e+000   1.8469879642750570e+002
  6.0000000000000178e+000   1.8537859976818083e+002  -4.0000000000000000e+000   1.8455104594449594e+002
  6.1000000000000183e+000   1.8523016267944936e+002  -4.0000000000000000e+000   1.8444466103386651e+002
  6.2000000000000188e+000   1.8512409923821977e+002  -4.0000000000000000e+000   1.8437743381702293e+002
  6.3000000000000194e+000   1.8505805582951834e+002  -4.0000000000000000e+000   1.8434728429959699e+002
  6.4000000000000199e+000   1.8502979790263132e+002  -4.0000000000000000e+000   1.8435222103008249e+002
  6.5000000000000204e+000   1.8503727484887543e+002  -4.0000000000000000e+000   1.8439042333983716e+002
  6.6000000000000210e+000   1.8507853702642183e+002  -4.0000000000000000e+000   1.8446014403454595e+002
  6.7000000000000215e+000   1.8515189191686304e+002  -4.0000000000000000e+000   1.8455987166656953e+002
  6.8000000000000220e+000   1.8525546230331705e+002  -4.0000000000000000e+000   1.8468791116389261e+002
  6.9000000000000226e+000   1.8538755300316515e+002  -4.0000000000000000e+000   1.8484272126027446e+002
  7.0000000000000231e+000   1.8554677281656444e+002  -4.0000000000000000e+000   1.8502304468083003e+002
  7.1000000000000236e+000   1.8573165959984027e+002  -4.0000000000000000e+000   1.8522755487481399e+002
  7.2000000000000242e+000   1.8594077745908876e+002  -4.0000000000000000e+000   1.8545493747643431e+002
  7.3000000000000247e+000   1.8617282627588349e+002  -4.0000000000000000e+000   1.8570399746247847e+002
  7.4000000000000252e+000   1.8642668185723520e+002  -4.0000000000000000e+000   1.8597370590120957e+002
  7.5000000000000258e+000   1.8670115344745219e+002  -4.0000000000000000e+000   1.8626296674452320e+002
  7.6000000000000263e+000   1.8699513306261505e+002  -4.0000000000000000e+000   1.8657075342828006e+002
  7.7000000000000268e+000   1.8730759655038125e+002  -4.0000000000000000e+000   1.8689611661259542e+002
  7.8000000000000274e+000   1.8763756462052891e+002  -4.0000000000000000e+000   1.8723814584246981e+002
  7.9000000000000279e+000   1.8798411069985508e+002  -4.0000000000000000e+000   1.8759597742163550e+002
  8.0000000000000284e+000   1.8834635160724372e+002  -4.0000000000000000e+000   1.8796878614032033e+002
  8.1000000000000281e+000   1.8872346194393450e+002  -4.0000000000000000e+000   1.8835579854220788e+002
  8.2000000000000277e+000   1.8911463109560916e+002  -4.0000000000000000e+000   1.8875625453487322e+002
  8.3000000000000274e+000   1.8951908695013341e+002  -4.0000000000000000e+000   1.8916942588470519e+002
  8.4000000000000270e+000   1.8993613900930191e+002  -4.0000000000000000e+000   1.8959466090123578e+002
  8.5000000000000266e+000   1.9036513193012968e+002  -4.0000000000000000e+000   1.9003134199674074e+002
  8.6000000000000263e+000   1.9080539171880213e+002  -4.0000000000000000e+000   1.9047883058683840e+002
  8.7000000000000259e+000   1.9118402612657201e+002  -4.0000000000000000e+000   1.9071208702598494e+002
  8.8000000000000256e+000   1.9119941476918976e+002  -4.0000000000000000e+000   1.9037190255997865e+002
  8.9000000000000252e+000   1.9080834955819481e+002  -4.0000000000000000e+000   1.8953126952488077e+002
  9.0000000000000249e+000   1.9016254809194996e+002  -4.0000000000000000e+000   1.8879436326787550e+002
  9.1000000000000245e+000   1.8953168333906808e+002  -4.0000000000000000e+000   1.8823669143142098e+002
  9.2000000000000242e+000   1.8896470785675589e+002  -4.0000000000000000e+000   1.8774785899080067e+002
  9.3000000000000238e+000   1.8846196963097017e+002  -4.0000000000000000e+000   1.8731822026790002e+002
  9.4000000000000234e+000   1.8802076522685979e+002  -4.0000000000000000e+000   1.8694421960325371e+002
  9.5000000000000231e+000   1.8763800411060612e+002  -4.0000000000000000e+000   1.8662309590426159e+002
  9.6000000000000227e+000   1.8731055670333254e+002  -4.0000000000000000e+000   1.8635229979415868e+002
  9.7000000000000224e+000   1.8703541527085417e+002  -4.0000000000000000e+000   1.8612931193972341e+002
  9.8000000000000220e+000   1.8680966322429086e+002  -4.0000000000000000e+000   1.8595166002780670e+002
  9.9000000000000217e+000   1.8663049024376051e+002  -4.0000000000000000e+000   1.8581683859577223e+002
  1.0000000000000000e+001   1.8649530199981419e+002  -4.0000000000000000e+000   1.8572259341481998e+002
