  0.0000000000000000e+000   1.5000000000000000e+000  -4.0000000000000000e+000   1.5000000000000000e+000
  1.0000000000000023e-001   5.2746933551530626e+000  -3.9278808713295810e+000   2.3116520993344687e+000
  2.0000000000000046e-001   1.5389477890987225e+001  -3.6118415241428066e+000   7.0399240901533693e+000
  3.0000000000000071e-001   2.5328219662447193e+001  -3.0557740389821615e+000   1.6006100612961561e+001
  4.0000000000000091e-001   3.5002282610190925e+001  -2.2936230896941368e+000   2.6218603587738873e+001
  5.0000000000000111e-001   4.4378432465921811e+001  -1.3452966748117294e+000   3.6515913332250314e+001
  6.0000000000000131e-001   5.3453155512701940e+001  -2.2145554620556229e-001   4.6594158788236932e+001
  7.0000000000000151e-001   6.2222140276631563e+001   1.0704406321962958e+000   5.6368216400730930e+001
  8.0000000000000171e-001   7.0686817382762470e+001   2.5234689496849159e+000   6.5812107136236250e+001
  9.0000000000000191e-001   7.8854026689247561e+001   4.1308567328966372e+000   7.4915689651592999e+001
  1.0000000000000022e+000   8.6734183827679630e+001   5.8855789537067071e+000   8.3673908823470654e+001
  1.1000000000000025e+000   9.4339025762614583e+001   7.6666827043210013e+000   9.2073619548136890e+001
  1.2000000000000028e+000   1.0167159757105850e+002   9.3607394247212028e+000   1.0008141638253868e+002
  1.3000000000000032e+000   1.0872522611231828e+002   1.0972122150651657e+001   1.0767785598266173e+002
  1.4000000000000035e+000   1.1549063705589218e+002   1.2504891316175502e+001   1.1485643301331123e+002
  1.5000000000000038e+000   1.2195712718215435e+002   1.2465441236111811e+001   1.2159889897852950e+002
  1.6000000000000041e+000   1.2760448828081746e+002   2.5248379968743011e+000   1.2675149537917436e+002
  1.7000000000000044e+000   1.3213709734000275e+002  -1.4361879167481293e+000   1.3098895069993620e+002
  1.8000000000000047e+000   1.3593322227637688e+002  -2.9994605653214252e+000   1.3475689660775339e+002
  1.9000000000000050e+000   1.3922042831886694e+002  -3.6117161628883281e+000   1.3814803426293807e+002
  2.0000000000000053e+000   1.4211942883463539e+002  -3.8500352274841183e+000   1.4118957900745008e+002
  2.1000000000000054e+000   1.4469354592122758e+002  -3.9422213267506163e+000   1.4390324844190653e+002
  2.2000000000000055e+000   1.4697893371340709e+002  -3.9778087182429949e+000   1.4631196339935084e+002
  2.3000000000000056e+000   1.4899963313403430e+002  -3.9913673998812178e+000   1.4843788676104572e+002
  2.4000000000000057e+000   1.5077424683582302e+002  -3.9966836273070760e+000   1.5030132545734256e+002
  2.5000000000000058e+000   1.5231843777848690e+002  -3.9987629630592529e+000   1.5192027110048681e+002
  2.6000000000000059e+000   1.5364599281652789e+002  -3.9995351119282776e+000   1.5331123017413793e+002
  2.7000000000000060e+000   1.5476935976230027e+002  -3.9998234335929803e+000   1.5448849782499349e+002
  2.8000000000000060e+000   1.5569973724957785e+002  -3.9999314072193659e+000   1.5546506433207134e+002
  2.9000000000000061e+000   1.5644741365992178e+002  -3.9999728168864062e+000   1.5625257830689480e+002
  3.0000000000000062e+000   1.5702186863145249e+002  -3.9999880554304967e+000   1.5686159920284703e+002
  3.1000000000000063e+000   1.5743221305132460e+002  -3.9999939745224644e+000   1.5730205982174982e+002
  3.2000000000000064e+000   1.5768752340580747e+002  -3.9999968328586002e+000   1.5758365111038162e+002
  3.3000000000000065e+000   1.5779722989642238e+002  -3.9999985967940921e+000   1.5771626150340805e+002
  3.4000000000000066e+000   1.5777155050634940e+002  -3.9999994741146137e+000   1.5771038460234692e+002
  3.5000000000000067e+000   1.5762908949906068e+002  -3.9999998039415852e+000   1.5758156401490245e+002
  3.6000000000000068e+000   1.5746212570945985e+002  -3.9999999288941157e+000   1.5741447181462851e+002
  3.7000000000000068e+000   1.5729520372496947e+002  -3.9999999782394098e+000   1.5724757655542530e+002
  3.8000000000000069e+000   1.5712837171562902e+002  -3.9999999953160312e+000   1.5708077522178525e+002
  3.9000000000000070e+000   1.5696163167652253e+002  -3.9999999988107531e+000   1.5691406357503408e+002
  4.0000000000000071e+000   1.5679498312780598e+002  -3.9999999966922806e+000   1.5674744266516416e+002
  4.1000000000000076e+000   1.5662842588585349e+002  -3.9999999982189620e+000   1.5658091291669828e+002
  4.2000000000000082e+000   1.5646195975909026e+002  -3.9999999994114392e+000   1.5641447476521535e+002
  4.3000000000000087e+000   1.5629558491221391e+002  -3.9999999996940283e+000   1.5624812788071401e+002
  4.4000000000000092e+000   1.5612930136641185e+002  -3.9999999996955480e+000   1.5608187224249053e+002
  4.5000000000000098e+000   1.5596310911610095e+002  -3.9999999997533755e+000   1.5591570788937324e+002
  4.6000000000000103e+000   1.5579700815861315e+002  -3.9999999998539986e+000   1.5574963485246465e+002
  4.7000000000000108e+000   1.5563099850841297e+002  -3.9999999999370259e+000   1.5558365312582026e+002
  4.8000000000000114e+000   1.5546508017482157e+002  -3.9999999999882476e+000   1.5541776271457431e+002
  4.9000000000000119e+000   1.5529925312389972e+002  -4.0000000000000000e+000   1.5525196147983900e+002
  5.0000000000000124e+000   1.5513351749295506e+002  -4.0000000000000000e+000   1.5508625635318853e+002
  5.1000000000000130e+000   1.5496787315513328e+002  -4.0000000000000000e+000   1.5492063946830518e+002
  5.2000000000000135e+000   1.5480232016965425e+002  -4.0000000000000000e+000   1.5475511439364476e+002
  5.3000000000000140e+000   1.5463685853824080e+002  -4.0000000000000000e+000   1.5458968068405241e+002
  5.4000000000000146e+000   1.5447148827380667e+002  -4.0000000000000000e+000   1.5442433834533063e+002
  5.5000000000000151e+000   1.5430620938210365e+002  -4.0000000000000000e+000   1.5425908736722775e+002
  5.6000000000000156e+000   1.5414102186874948e+002  -4.0000000000000000e+000   1.5409392777943131e+002
  5.7000000000000162e+000   1.5397683594353239e+002  -4.0000000000000000e+000   1.5392919435153550e+002
  5.8000000000000167e+000   1.5382690397138356e+002  -4.0000000000000000e+000   1.5377773035827369e+002
  5.9000000000000172e+000   1.5368947676026625e+002  -4.0000000000000000e+000   1.5363756180364359e+002
  6.0000000000000178e+000   1.5357513628149994e+002  -4.0000000000000000e+000   1.5351978455075053e+002
  6.1000000000000183e+000   1.5348743947319696e+002  -4.0000000000000000e+000   1.5342818039766786e+002
  6.2000000000000188e+000   1.5342830723327322e+002  -4.0000000000000000e+000   1.5336489380037250e+002
  6.3000000000000194e+000   1.5339800903395817e+002  -4.0000000000000000e+000   1.5333042325173585e+002
  6.4000000000000199e+000   1.5339527629066845e+002  -4.0000000000000000e+000   1.5332372189663832e+002
  6.5000000000000204e+000   1.5341742918370920e+002  -4.0000000000000000e+000   1.5334230861914000e+002
  6.6000000000000210e+000   1.5346080264823914e+002  -4.0000000000000000e+000   1.5338268060017495e+002
  6.7000000000000215e+000   1.5352090500090128e+002  -4.0000000000000000e+000   1.5344046625573102e+002
  6.8000000000000220e+000   1.5359281987134514e+002  -4.0000000000000000e+000   1.5351081617953571e+002
  6.9000000000000226e+000   1.5367150732147320e+002  -4.0000000000000000e+000   1.5358870607284814e+002
  7.0000000000000231e+000   1.5375209296068834e+002  -4.0000000000000000e+000   1.5366922879439753e+002
  7.1000000000000236e+000   1.5383011786062181e+002  -4.0000000000000000e+000   1.5374785088544994e+002
  7.2000000000000242e+000   1.5390174468467177e+002  -4.0000000000000000e+000   1.5382062908328692e+002
  7.3000000000000247e+000   1.5396388932836243e+002  -4.0000000000000000e+000   1.5388435227207140e+002
  7.4000000000000252e+000   1.5401432528921129e+002  -4.0000000000000000e+000   1.5393665749995336e+002
  7.5000000000000258e+000   1.5405169435266990e+002  -4.0000000000000000e+000   1.5397604878592603e+002
  7.6000000000000263e+000   1.5407548549722779e+002  -4.0000000000000000e+000   1.5400188601154554e+002
  7.7000000000000268e+000   1.5408599712368326e+002  -4.0000000000000000e+000   1.5401434704011402e+002
  7.8000000000000274e+000   1.5408423070328817e+002  -4.0000000000000000e+000   1.5401434102666573e+002
  7.9000000000000279e+000   1.5407179468983128e+002  -4.0000000000000000e+000   1.5400338874688825e+002
  8.0000000000000284e+000   1.5405073973880670e+002  -4.0000000000000000e+000   1.5398350090277972e+002
  8.1000000000000281e+000   1.5402337310631188e+002  -4.0000000000000000e+000   1.5395694216319981e+002
  8.2000000000000277e+000   1.5399220400277025e+002  -4.0000000000000000e+000   1.5392621713238486e+002
  8.3000000000000274e+000   1.5395957712485253e+002  -4.0000000000000000e+000   1.5389368211920339e+002
  8.4000000000000270e+000   1.5392777707056939e+002  -4.0000000000000000e+000   1.5386165270256384e+002
  8.5000000000000266e+000   1.5389882221518158e+002  -4.0000000000000000e+000   1.5383219460081193e+002
  8.6000000000000263e+000   1.5387430746814027e+002  -4.0000000000000000e+000   1.5380696168486134e+002
  8.7000000000000259e+000   1.5385538488357184e+002  -4.0000000000000000e+000   1.5378717288105673e+002
  8.8000000000000256e+000   1.5384272029712307e+002  -4.0000000000000000e+000   1.5377356413276161e+002
  8.9000000000000252e+000   1.5383651897265528e+002  -4.0000000000000000e+000   1.5376640939549353e+002
  9.0000000000000249e+000   1.5383653488393560e+002  -4.0000000000000000e+000   1.5376552613395330e+002
  9.1000000000000245e+000   1.5384214647835850e+002  -4.0000000000000000e+000   1.5377034649984037e+002
  9.2000000000000242e+000   1.5385241600410515e+002  -4.0000000000000000e+000   1.5377997421931926e+002
  9.3000000000000238e+000   1.5386619580981534e+002  -4.0000000000000000e+000   1.5379328797239029e+002
  9.4000000000000234e+000   1.5388224894104911e+002  -4.0000000000000000e+000   1.5380906304765676e+002
  9.5000000000000231e+000   1.5389932233133223e+002  -4.0000000000000000e+000   1.5382604448082475e+002
  9.6000000000000227e+000   1.5391622323870794e+002  -4.0000000000000000e+000   1.5384302540450381e+002
  9.7000000000000224e+000   1.5393191232301831e+002  -4.0000000000000000e+000   1.5385893888106409e+002
  9.8000000000000220e+000   1.5394557925717157e+002  -4.0000000000000000e+000   1.5387294508434925e+002
  9.9000000000000217e+000   1.5395661163081749e+002  -4.0000000000000000e+000   1.5388439386846628e+002
  1.0000000000000000e+001   1.5396465981259422e+002  -4.0000000000000000e+000   1.5389289760774588e+002
