  0.0000000000000000e+000   1.5000000000000000e+000  -4.0000000000000000e+000   1.5000000000000000e+000
  1.0000000000000023e-001   7.3838053356958167e+000  -3.9278808607506770e+000   2.5845737938778544e+000
  2.0000000000000046e-001   2.1221445776442600e+001  -3.6118413898441419e+000   9.1213136361437517e+000
  3.0000000000000071e-001   3.3993505692229405e+001  -3.0557710893721319e+000   2.0470068649898153e+001
  4.0000000000000091e-001   4.6348189130766947e+001  -2.2936175370795704e+000   3.3095914611600200e+001
  5.0000000000000111e-001   5.8199692923244655e+001  -1.3453078862817169e+000   4.5882774974829061e+001
  6.0000000000000131e-001   6.9616008113641143e+001  -2.2146286080982014e-001   5.8491155923698336e+001
  7.0000000000000151e-001   8.0612276417327053e+001   8.3385591091173072e-001   7.0791269834510260e+001
  8.0000000000000171e-001   9.1141823375561074e+001  -1.7134506267779113e+000   8.2158950661482109e+001
  9.0000000000000191e-001   1.0105018761483034e+002  -2.9519027158340045e+000   9.2621087361064298e+001
  1.0000000000000022e+000   1.1029367912879559e+002  -3.5312187837356515e+000   1.0247542628033447e+002
  1.1000000000000025e+000   1.1888110119420973e+002  -3.7964604649322733e+000   1.1177974320917343e+002
  1.2000000000000028e+000   1.2682312565308416e+002  -3.9142734094078584e+000   1.2051339299283126e+002
  1.3000000000000032e+000   1.3412091509779805e+002  -3.9647412795624319e+000   1.2863681158355993e+002
  1.4000000000000035e+000   1.4076812881990239e+002  -3.9856732632227168e+000   1.3610964880617155e+002
  1.5000000000000038e+000   1.4675686340775871e+002  -3.9942509026343105e+000   1.4289663166203258e+002
  1.6000000000000041e+000   1.5208431728274556e+002  -3.9976851945939313e+000   1.4897076959378708e+002
  1.7000000000000044e+000   1.5675886274261410e+002  -3.9990667346577502e+000   1.5431757095898303e+002
  1.8000000000000047e+000   1.6080426623566763e+002  -3.9996380038255581e+000   1.5894075399483100e+002
  1.9000000000000050e+000   1.6426097088965486e+002  -3.9998446872600448e+000   1.6286770218416527e+002
  2.0000000000000053e+000   1.6718417949205158e+002  -3.9999399586881808e+000   1.6615066988068321e+002
  2.1000000000000054e+000   1.6963915512253490e+002  -3.9999782270788393e+000   1.6886640864503522e+002
  2.2000000000000055e+000   1.7169598422971578e+002  -3.9999886812973293e+000   1.7110401872759900e+002
  2.3000000000000056e+000   1.7342490566818441e+002  -3.9999970883785974e+000   1.7295614823716528e+002
  2.4000000000000057e+000   1.7489191380899024e+002  -3.9999987230717777e+000   1.7450593744041848e+002
  2.5000000000000058e+000   1.7615565278766152e+002  -3.9999981738027457e+000   1.7582586949591663e+002
  2.6000000000000059e+000   1.7726548494428638e+002  -3.9999992041447463e+000   1.7697417219102908e+002
  2.7000000000000060e+000   1.7826108469913424e+002  -3.9999999542106424e+000   1.7799605163049876e+002
  2.8000000000000060e+000   1.7917340637539189e+002  -4.0000000000000000e+000   1.7892651869273826e+002
  2.9000000000000061e+000   1.8002559024366025e+002  -4.0000000000000000e+000   1.7979128254011397e+002
  3.0000000000000062e+000   1.8083298628307975e+002  -4.0000000000000000e+000   1.8060738300900223e+002
  3.1000000000000063e+000   1.8160885659717641e+002  -4.0000000000000000e+000   1.8138937416179292e+002
  3.2000000000000064e+000   1.8236209500232272e+002  -4.0000000000000000e+000   1.8214692117271150e+002
  3.3000000000000065e+000   1.8309876504526659e+002  -4.0000000000000000e+000   1.8288665744781053e+002
  3.4000000000000066e+000   1.8382309322134913e+002  -4.0000000000000000e+000   1.8361320595532882e+002
  3.5000000000000067e+000   1.8453815303814369e+002  -4.0000000000000000e+000   1.8432989692377214e+002
  3.6000000000000068e+000   1.8524599235706461e+002  -4.0000000000000000e+000   1.8503895749775270e+002
  3.7000000000000068e+000   1.8594807734495353e+002  -4.0000000000000000e+000   1.8574197308617499e+002
  3.8000000000000069e+000   1.8664546853138359e+002  -4.0000000000000000e+000   1.8644008149415026e+002
  3.9000000000000070e+000   1.8733890627927750e+002  -4.0000000000000000e+000   1.8713410041671392e+002
  4.0000000000000071e+000   1.8802895643181725e+002  -4.0000000000000000e+000   1.8782461442179255e+002
  4.1000000000000076e+000   1.8871601947430972e+002  -4.0000000000000000e+000   1.8851206439010724e+002
  4.2000000000000082e+000   1.8940040264484242e+002  -4.0000000000000000e+000   1.8919677615631332e+002
  4.3000000000000087e+000   1.9008234015416949e+002  -4.0000000000000000e+000   1.8987899706971601e+002
  4.4000000000000092e+000   1.9076198576363112e+002  -4.0000000000000000e+000   1.9055833968274720e+002
  4.5000000000000098e+000   1.9126898032415323e+002  -4.0000000000000000e+000   1.9080197571614389e+002
  4.6000000000000103e+000   1.9119815487755633e+002  -4.0000000000000000e+000   1.9019364848731729e+002
  4.7000000000000108e+000   1.9058792830328241e+002  -4.0000000000000000e+000   1.8907299935176437e+002
  4.8000000000000114e+000   1.8981090254495359e+002  -4.0000000000000000e+000   1.8830696884335970e+002
  4.9000000000000119e+000   1.8908188939672527e+002  -4.0000000000000000e+000   1.8766674522646093e+002
  5.0000000000000124e+000   1.8842320732393478e+002  -4.0000000000000000e+000   1.8709694150228677e+002
  5.1000000000000130e+000   1.8783397952787428e+002  -4.0000000000000000e+000   1.8659016709557119e+002
  5.2000000000000135e+000   1.8731113813372679e+002  -4.0000000000000000e+000   1.8614263259384501e+002
  5.3000000000000140e+000   1.8685117385901208e+002  -4.0000000000000000e+000   1.8575178349659495e+002
  5.4000000000000146e+000   1.8645074384067169e+002  -4.0000000000000000e+000   1.8541487284953848e+002
  5.5000000000000151e+000   1.8610663303302991e+002  -4.0000000000000000e+000   1.8512916982640743e+002
  5.6000000000000156e+000   1.8581573841127229e+002  -4.0000000000000000e+000   1.8489203442098119e+002
  5.7000000000000162e+000   1.8557507526619042e+002  -4.0000000000000000e+000   1.8470089971975258e+002
  5.8000000000000167e+000   1.8538183177287431e+002  -4.0000000000000000e+000   1.8455332911400873e+002
  5.9000000000000172e+000   1.8523339834575157e+002  -4.0000000000000000e+000   1.8444703946666047e+002
  6.0000000000000178e+000   1.8512746573748032e+002  -4.0000000000000000e+000   1.8438001435328013e+002
  6.1000000000000183e+000   1.8506154320221722e+002  -4.0000000000000000e+000   1.8435005428070673e+002
  6.2000000000000188e+000   1.8503339329489469e+002  -4.0000000000000000e+000   1.8435516582989993e+002
  6.3000000000000194e+000   1.8504086699734117e+002  -4.0000000000000000e+000   1.8439342691571838e+002
  6.4000000000000199e+000   1.8508216553267189e+002  -4.0000000000000000e+000   1.8446323386417242e+002
  6.5000000000000204e+000   1.8515548867898875e+002  -4.0000000000000000e+000   1.8456297807324094e+002
  6.6000000000000210e+000   1.8525901079165615e+002  -4.0000000000000000e+000   1.8469101149977845e+002
  6.7000000000000215e+000   1.8539111994643096e+002  -4.0000000000000000e+000   1.8484587480365172e+002
  6.8000000000000220e+000   1.8555028792219866e+002  -4.0000000000000000e+000   1.8502618255763048e+002
  6.9000000000000226e+000   1.8573507025788993e+002  -4.0000000000000000e+000   1.8523062059753946e+002
  7.0000000000000231e+000   1.8594407991947682e+002  -4.0000000000000000e+000   1.8545792396144424e+002
  7.1000000000000236e+000   1.8617601093878520e+002  -4.0000000000000000e+000   1.8570689207738062e+002
  7.2000000000000242e+000   1.8642974426816596e+002  -4.0000000000000000e+000   1.8597650145490692e+002
  7.3000000000000247e+000   1.8670409850726799e+002  -4.0000000000000000e+000   1.8626566560983503e+002
  7.4000000000000252e+000   1.8699795434457070e+002  -4.0000000000000000e+000   1.8657334766874433e+002
  7.5000000000000258e+000   1.8731029382971957e+002  -4.0000000000000000e+000   1.8689860404337290e+002
  7.6000000000000263e+000   1.8764013898777370e+002  -4.0000000000000000e+000   1.8724052576768571e+002
  7.7000000000000268e+000   1.8798656010962154e+002  -4.0000000000000000e+000   1.8759824666531699e+002
  7.8000000000000274e+000   1.8834867739013757e+002  -4.0000000000000000e+000   1.8797094475517943e+002
  7.9000000000000279e+000   1.8872566465706012e+002  -4.0000000000000000e+000   1.8835784602804102e+002
  8.0000000000000284e+000   1.8911671728422013e+002  -4.0000000000000000e+000   1.8875819578771723e+002
  8.1000000000000281e+000   1.8952106509373385e+002  -4.0000000000000000e+000   1.8917126896228598e+002
  8.2000000000000277e+000   1.8993800819265672e+002  -4.0000000000000000e+000   1.8959640411984967e+002
  8.3000000000000274e+000   1.9036686407608602e+002  -4.0000000000000000e+000   1.9003295742681240e+002
  8.4000000000000270e+000   1.9080701773002110e+002  -4.0000000000000000e+000   1.9048034728273856e+002
  8.5000000000000266e+000   1.9118479919724948e+002  -4.0000000000000000e+000   1.9071176337226507e+002
  8.6000000000000263e+000   1.9119916477223481e+002  -4.0000000000000000e+000   1.9037108044889101e+002
  8.7000000000000259e+000   1.9080826135836665e+002  -4.0000000000000000e+000   1.8953126773195928e+002
  8.8000000000000256e+000   1.9016268427184653e+002  -4.0000000000000000e+000   1.8879472204520826e+002
  8.9000000000000252e+000   1.8953208594072126e+002  -4.0000000000000000e+000   1.8823726457311571e+002
  9.0000000000000249e+000   1.8896529159324567e+002  -4.0000000000000000e+000   1.8774851500870193e+002
  9.1000000000000245e+000   1.8846271677494727e+002  -4.0000000000000000e+000   1.8731912995209441e+002
  9.2000000000000242e+000   1.8802175233818019e+002  -4.0000000000000000e+000   1.8694535365288357e+002
  9.3000000000000238e+000   1.8763919758038773e+002  -4.0000000000000000e+000   1.8662442399719137e+002
  9.4000000000000234e+000   1.8731192430061384e+002  -4.0000000000000000e+000   1.8635382039803389e+002
  9.5000000000000231e+000   1.8703693945342042e+002  -4.0000000000000000e+000   1.8613100598806770e+002
  9.6000000000000227e+000   1.8681137485972491e+002  -4.0000000000000000e+000   1.8595351093079907e+002
  9.7000000000000224e+000   1.8663248637403493e+002  -4.0000000000000000e+000   1.8581895645621580e+002
  9.8000000000000220e+000   1.8649763374162316e+002  -4.0000000000000000e+000   1.8572502921171534e+002
  9.9000000000000217e+000   1.8640433533132017e+002  -4.0000000000000000e+000   1.8566954036134678e+002
  1.0000000000000000e+001   1.8635050273480118e+002  -4.0000000000000000e+000   1.8565065143242131e+002
