  0.0000000000000000e+000   1.5000000000000000e+000  -4.0000000000000000e+000   1.5000000000000000e+000
  1.0000000000000023e-001   9.4461798804079500e+000  -3.9278808532892087e+000   2.8271842590898921e+000
  2.0000000000000046e-001   2.6330524752195341e+001  -3.6118414504226681e+000   1.0879936918612819e+001
  3.0000000000000071e-001   4.1509311389678764e+001  -3.0557735687996352e+000   2.4060537870570737e+001
  4.0000000000000091e-001   5.6143650357305177e+001  -2.2936228148948210e+000   3.8603766489328656e+001
  5.0000000000000111e-001   7.0069733354952788e+001  -1.3452961629233942e+000   5.3397121708810850e+001
  6.0000000000000131e-001   8.3409741207484203e+001  -2.2145909153610210e-001   6.8058016296050468e+001
  7.0000000000000151e-001   9.6166666645423973e+001   1.0704290612351359e+000   8.2407294947496240e+001
  8.0000000000000171e-001   1.0832630732516188e+002   2.5235197922516965e+000   9.6331455458881578e+001
  9.0000000000000191e-001   1.1984706179529485e+002   4.1309004402217049e+000   1.0973578715748161e+002
  1.0000000000000022e+000   1.3066366740770809e+002   5.8856215472086415e+000   1.2251863578371827e+002
  1.1000000000000025e+000   1.4069086081850043e+002   7.6666669509779446e+000   1.3454586394181814e+002
  1.2000000000000028e+000   1.4981428713687686e+002   4.6898329088391932e+000   1.4534692138495990e+002
  1.3000000000000032e+000   1.5758903692019601e+002  -4.1779614056493486e-001   1.5366798458253186e+002
  1.4000000000000035e+000   1.6372546476232711e+002  -2.5472314362318591e+000   1.6050102802067767e+002
  1.5000000000000038e+000   1.6837337762688992e+002  -3.4182329718004656e+000   1.6608724031324263e+002
  1.6000000000000041e+000   1.7181244541746301e+002  -3.7693730256980209e+000   1.7039725296432198e+002
  1.7000000000000044e+000   1.7434184952314232e+002  -3.9092780329861854e+000   1.7351488267133072e+002
  1.8000000000000047e+000   1.7621631290245574e+002  -3.9645474571860211e+000   1.7570073436399392e+002
  1.9000000000000050e+000   1.7763589447342434e+002  -3.9861329161110022e+000   1.7727092517472036e+002
  2.0000000000000053e+000   1.7876123935265119e+002  -3.9947412788548475e+000   1.7847122476136130e+002
  2.1000000000000054e+000   1.7970982298401375e+002  -3.9979981290134448e+000   1.7945780558404843e+002
  2.2000000000000055e+000   1.8055754724416676e+002  -3.9992391549280506e+000   1.8032524033233952e+002
  2.3000000000000056e+000   1.8134928036178201e+002  -3.9997133016248996e+000   1.8112732417242759e+002
  2.4000000000000057e+000   1.8210974448650464e+002  -3.9998889987860671e+000   1.8189333162626338e+002
  2.5000000000000058e+000   1.8285216541097404e+002  -3.9999540405870269e+000   1.8263883618305761e+002
  2.6000000000000059e+000   1.8358360630253534e+002  -3.9999788399166993e+000   1.8337209258002284e+002
  2.7000000000000060e+000   1.8430784027690808e+002  -3.9999891157717147e+000   1.8409748748844686e+002
  2.8000000000000060e+000   1.8502699341932234e+002  -3.9999944966538319e+000   1.8481744014180171e+002
  2.9000000000000061e+000   1.8574221232134701e+002  -3.9999975069153582e+000   1.8553324037286089e+002
  3.0000000000000062e+000   1.8645423110133513e+002  -3.9999992439796452e+000   1.8624569664794714e+002
  3.1000000000000063e+000   1.8716353080832607e+002  -4.0000000000000000e+000   1.8695532897447555e+002
  3.2000000000000064e+000   1.8787043977650430e+002  -4.0000000000000000e+000   1.8766248214440014e+002
  3.3000000000000065e+000   1.8857531426934031e+002  -4.0000000000000000e+000   1.8836754079017575e+002
  3.4000000000000066e+000   1.8927837328477858e+002  -4.0000000000000000e+000   1.8907073577477533e+002
  3.5000000000000067e+000   1.8997983237511176e+002  -4.0000000000000000e+000   1.8977229356249609e+002
  3.6000000000000068e+000   1.9067985218104624e+002  -4.0000000000000000e+000   1.9047238134236844e+002
  3.7000000000000068e+000   1.9125659733974669e+002  -4.0000000000000000e+000   1.9083227791467351e+002
  3.8000000000000069e+000   1.9125491718410169e+002  -4.0000000000000000e+000   1.9026065350828424e+002
  3.9000000000000070e+000   1.9065792953569002e+002  -4.0000000000000000e+000   1.8907976181381161e+002
  4.0000000000000071e+000   1.8985999498929701e+002  -4.0000000000000000e+000   1.8827890807492878e+002
  4.1000000000000076e+000   1.8910447947234593e+002  -4.0000000000000000e+000   1.8761629463814188e+002
  4.2000000000000082e+000   1.8841792631204623e+002  -4.0000000000000000e+000   1.8702567858185458e+002
  4.3000000000000087e+000   1.8780009924433355e+002  -4.0000000000000000e+000   1.8649695909456926e+002
  4.4000000000000092e+000   1.8724789851704068e+002  -4.0000000000000000e+000   1.8602642051260349e+002
  4.5000000000000098e+000   1.8675801168760739e+002  -4.0000000000000000e+000   1.8561134572619898e+002
  4.6000000000000103e+000   1.8632725141100340e+002  -4.0000000000000000e+000   1.8524915020409691e+002
  4.7000000000000108e+000   1.8595259523152708e+002  -4.0000000000000000e+000   1.8493735729529732e+002
  4.8000000000000114e+000   1.8563118331759907e+002  -4.0000000000000000e+000   1.8467361350893893e+002
  4.9000000000000119e+000   1.8536030249877803e+002  -4.0000000000000000e+000   1.8445567225548712e+002
  5.0000000000000124e+000   1.8513736747456272e+002  -4.0000000000000000e+000   1.8428137894317945e+002
  5.1000000000000130e+000   1.8495988952561680e+002  -4.0000000000000000e+000   1.8414864976515423e+002
  5.2000000000000135e+000   1.8482546909607913e+002  -4.0000000000000000e+000   1.8405541104104813e+002
  5.3000000000000140e+000   1.8473216005306830e+002  -4.0000000000000000e+000   1.8400001983731062e+002
  5.4000000000000146e+000   1.8467779405640502e+002  -4.0000000000000000e+000   1.8398061909867744e+002
  5.5000000000000151e+000   1.8466049242782537e+002  -4.0000000000000000e+000   1.8399557845624560e+002
  5.6000000000000156e+000   1.8467824638010870e+002  -4.0000000000000000e+000   1.8404313822332500e+002
  5.7000000000000162e+000   1.8472941403770278e+002  -4.0000000000000000e+000   1.8412185740507169e+002
  5.8000000000000167e+000   1.8481228551275458e+002  -4.0000000000000000e+000   1.8423022793474340e+002
  5.9000000000000172e+000   1.8492520338330871e+002  -4.0000000000000000e+000   1.8436677059229328e+002
  6.0000000000000178e+000   1.8506667609187133e+002  -4.0000000000000000e+000   1.8453014902320041e+002
  6.1000000000000183e+000   1.8523526223056413e+002  -4.0000000000000000e+000   1.8471906655912801e+002
  6.2000000000000188e+000   1.8542959657139230e+002  -4.0000000000000000e+000   1.8493228892160204e+002
  6.3000000000000194e+000   1.8564834006181155e+002  -4.0000000000000000e+000   1.8516860010062771e+002
  6.4000000000000199e+000   1.8589028872105359e+002  -4.0000000000000000e+000   1.8542689664710463e+002
  6.5000000000000204e+000   1.8615435156292722e+002  -4.0000000000000000e+000   1.8570618442633614e+002
  6.6000000000000210e+000   1.8643936144262810e+002  -4.0000000000000000e+000   1.8600538953183840e+002
  6.7000000000000215e+000   1.8674425715704194e+002  -4.0000000000000000e+000   1.8632352974077077e+002
  6.8000000000000220e+000   1.8706804201239268e+002  -4.0000000000000000e+000   1.8665968173377618e+002
  6.9000000000000226e+000   1.8740976445996569e+002  -4.0000000000000000e+000   1.8701296077358614e+002
  7.0000000000000231e+000   1.8776852193970728e+002  -4.0000000000000000e+000   1.8738252517144227e+002
  7.1000000000000236e+000   1.8814344917384443e+002  -4.0000000000000000e+000   1.8776756604587231e+002
  7.2000000000000242e+000   1.8853375400596454e+002  -4.0000000000000000e+000   1.8816733989415209e+002
  7.3000000000000247e+000   1.8893862596265481e+002  -4.0000000000000000e+000   1.8858108654766130e+002
  7.4000000000000252e+000   1.8935732425279278e+002  -4.0000000000000000e+000   1.8900810662975491e+002
  7.5000000000000258e+000   1.8978914796671768e+002  -4.0000000000000000e+000   1.8944773739744090e+002
  7.6000000000000263e+000   1.9023346888549699e+002  -4.0000000000000000e+000   1.8989938550405546e+002
  7.7000000000000268e+000   1.9068964445978378e+002  -4.0000000000000000e+000   1.9036244242432073e+002
  7.8000000000000274e+000   1.9112792101619598e+002  -4.0000000000000000e+000   1.9072112771329043e+002
  7.9000000000000279e+000   1.9125176872174430e+002  -4.0000000000000000e+000   1.9050153633243798e+002
  8.0000000000000284e+000   1.9094873546814182e+002  -4.0000000000000000e+000   1.8973869397032689e+002
  8.1000000000000281e+000   1.9031908421906911e+002  -4.0000000000000000e+000   1.8890695727113720e+002
  8.2000000000000277e+000   1.8966785576601183e+002  -4.0000000000000000e+000   1.8831875671010309e+002
  8.3000000000000274e+000   1.8907521182148386e+002  -4.0000000000000000e+000   1.8780967842515881e+002
  8.4000000000000270e+000   1.8854623628297639e+002  -4.0000000000000000e+000   1.8735924869416650e+002
  8.5000000000000266e+000   1.8807857118367704e+002  -4.0000000000000000e+000   1.8696355373284587e+002
  8.6000000000000263e+000   1.8766924051403149e+002  -4.0000000000000000e+000   1.8662004910597437e+002
  8.7000000000000259e+000   1.8731499676071269e+002  -4.0000000000000000e+000   1.8632613446023504e+002
  8.8000000000000256e+000   1.8701298214409280e+002  -4.0000000000000000e+000   1.8607950086444637e+002
  8.9000000000000252e+000   1.8676055062949470e+002  -4.0000000000000000e+000   1.8587794440102519e+002
  9.0000000000000249e+000   1.8655517827498636e+002  -4.0000000000000000e+000   1.8571936092222083e+002
  9.1000000000000245e+000   1.8639446501222284e+002  -4.0000000000000000e+000   1.8560170639962791e+002
  9.2000000000000242e+000   1.8627607072443683e+002  -4.0000000000000000e+000   1.8552295723756885e+002
  9.3000000000000238e+000   1.8619781856457061e+002  -4.0000000000000000e+000   1.8548124626242446e+002
  9.4000000000000234e+000   1.8615790513858192e+002  -4.0000000000000000e+000   1.8547502402181479e+002
  9.5000000000000231e+000   1.8615424941343946e+002  -4.0000000000000000e+000   1.8550248869425045e+002
  9.6000000000000227e+000   1.8618494195301429e+002  -4.0000000000000000e+000   1.8556194653209937e+002
  9.7000000000000224e+000   1.8624847142796443e+002  -4.0000000000000000e+000   1.8565207291115067e+002
  9.8000000000000220e+000   1.8634311180501831e+002  -4.0000000000000000e+000   1.8577134056544961e+002
  9.9000000000000217e+000   1.8646719774462727e+002  -4.0000000000000000e+000   1.8591825959282104e+002
  1.0000000000000000e+001   1.8661925219160361e+002  -4.0000000000000000e+000   1.8609150077543728e+002
