  0.0000000000000000e+000   1.5000000000000000e+000  -4.0000000000000000e+000   1.5000000000000000e+000
  1.0000000000000023e-001   5.2746933551530626e+000  -3.9278808713295810e+000   2.3116520993344687e+000
  2.0000000000000046e-001   1.5389477890987225e+001  -3.6118415241428066e+000   7.0399240901533693e+000
  3.0000000000000071e-001   2.5328219662447193e+001  -3.0557740389821615e+000   1.6006100612961561e+001
  4.0000000000000091e-001   3.5002282610190925e+001  -2.2936230896941368e+000   2.6218603587738873e+001
  5.0000000000000111e-001   4.4378432465921811e+001  -1.3452966748117294e+000   3.6515913332250314e+001
  6.0000000000000131e-001   5.3453155512701940e+001  -2.2145554620556229e-001   4.6594158788236932e+001
  7.0000000000000151e-001   6.2222140276631563e+001   1.0704406321962958e+000   5.6368216400730930e+001
  8.0000000000000171e-001   7.0686817382762470e+001   2.5234689496849159e+000   6.5812107136236250e+001
  9.0000000000000191e-001   7.8838790082790396e+001   8.6478223496701112e-001   7.4693254030003970e+001
  1.0000000000000022e+000   8.6459031905520376e+001  -1.8244321707759745e+000   8.2387780137303793e+001
  1.1000000000000025e+000   9.3435547005986137e+001  -3.0554303649055745e+000   8.9482626890762759e+001
  1.2000000000000028e+000   9.9839861193581839e+001  -3.6021568570938891e+000   9.6153201357274440e+001
  1.3000000000000032e+000   1.0574927719587829e+002  -3.8360629719259496e+000   1.0241606999743888e+002
  1.4000000000000035e+000   1.1121640446965350e+002  -3.9334664737099936e+000   1.0826309313352009e+002
  1.5000000000000038e+000   1.1627435550383602e+002  -3.9733327615445968e+000   1.1369130675075507e+002
  1.6000000000000041e+000   1.2094548246568110e+002  -3.9893773516958602e+000   1.1870602540015739e+002
  1.7000000000000044e+000   1.2524747549932977e+002  -3.9957872555195237e+000   1.2331842941343116e+002
  1.8000000000000047e+000   1.2919656846156039e+002  -3.9982102677932230e+000   1.2754329962004054e+002
  1.9000000000000050e+000   1.3280900350233281e+002  -3.9994224866113655e+000   1.3139759695555060e+002
  2.0000000000000053e+000   1.3610132224688195e+002  -3.9997567513821957e+000   1.3489977321603683e+002
  2.1000000000000054e+000   1.3909048259953082e+002  -3.9998824922246761e+000   1.3806935640819941e+002
  2.2000000000000055e+000   1.4179373067570299e+002  -4.0000000000000000e+000   1.4092635999083970e+002
  2.3000000000000056e+000   1.4422824600560244e+002  -4.0000000000000000e+000   1.4349110809216160e+002
  2.4000000000000057e+000   1.4640992656883492e+002  -4.0000000000000000e+000   1.4578262849531356e+002
  2.5000000000000058e+000   1.4835525016970263e+002  -4.0000000000000000e+000   1.4782050515669653e+002
  2.6000000000000059e+000   1.5007936602428674e+002  -4.0000000000000000e+000   1.4962263274619579e+002
  2.7000000000000060e+000   1.5159648904734627e+002  -4.0000000000000000e+000   1.5120574307970722e+002
  2.8000000000000060e+000   1.5291976166208386e+002  -4.0000000000000000e+000   1.5258513622970631e+002
  2.9000000000000061e+000   1.5406114768348093e+002  -4.0000000000000000e+000   1.5377459110958637e+002
  3.0000000000000062e+000   1.5503135804639697e+002  -4.0000000000000000e+000   1.5478623431840575e+002
  3.1000000000000063e+000   1.5584008851683444e+002  -4.0000000000000000e+000   1.5563099521126969e+002
  3.2000000000000064e+000   1.5649602424693052e+002  -4.0000000000000000e+000   1.5631849088539337e+002
  3.3000000000000065e+000   1.5700714577441633e+002  -4.0000000000000000e+000   1.5685743585742765e+002
  3.4000000000000066e+000   1.5738087670036941e+002  -4.0000000000000000e+000   1.5725581797965813e+002
  3.5000000000000067e+000   1.5762436589336036e+002  -4.0000000000000000e+000   1.5752118297300095e+002
  3.6000000000000068e+000   1.5774476660765455e+002  -4.0000000000000000e+000   1.5766099489615974e+002
  3.7000000000000068e+000   1.5774976225541954e+002  -4.0000000000000000e+000   1.5768314332527223e+002
  3.8000000000000069e+000   1.5764771456708044e+002  -4.0000000000000000e+000   1.5759612613688697e+002
  3.9000000000000070e+000   1.5748180254119328e+002  -4.0000000000000000e+000   1.5743418705115752e+002
  4.0000000000000071e+000   1.5731488414126665e+002  -4.0000000000000000e+000   1.5726725033955557e+002
  4.1000000000000076e+000   1.5714804088880089e+002  -4.0000000000000000e+000   1.5710043927478051e+002
  4.2000000000000082e+000   1.5698128970493991e+002  -4.0000000000000000e+000   1.5693371769090584e+002
  4.3000000000000087e+000   1.5681463031970469e+002  -4.0000000000000000e+000   1.5676708618140543e+002
  4.4000000000000092e+000   1.5664806217829411e+002  -4.0000000000000000e+000   1.5660054596523315e+002
  4.5000000000000098e+000   1.5648158530434100e+002  -4.0000000000000000e+000   1.5643409701433481e+002
  4.6000000000000103e+000   1.5631519970545912e+002  -4.0000000000000000e+000   1.5626773933935544e+002
  4.7000000000000108e+000   1.5614890538981274e+002  -4.0000000000000000e+000   1.5610147294716998e+002
  4.8000000000000114e+000   1.5598270236554055e+002  -4.0000000000000000e+000   1.5593529784581241e+002
  4.9000000000000119e+000   1.5581659064064780e+002  -4.0000000000000000e+000   1.5576921404349631e+002
  5.0000000000000124e+000   1.5565057022337487e+002  -4.0000000000000000e+000   1.5560322154852156e+002
  5.1000000000000130e+000   1.5548464112189285e+002  -4.0000000000000000e+000   1.5543732036902077e+002
  5.2000000000000135e+000   1.5531880334398357e+002  -4.0000000000000000e+000   1.5527151051279552e+002
  5.3000000000000140e+000   1.5515305689667952e+002  -4.0000000000000000e+000   1.5510579198685164e+002
  5.4000000000000146e+000   1.5498740178930862e+002  -4.0000000000000000e+000   1.5494016480060191e+002
  5.5000000000000151e+000   1.5482183802965218e+002  -4.0000000000000000e+000   1.5477462896174023e+002
  5.6000000000000156e+000   1.5465636562520800e+002  -4.0000000000000000e+000   1.5460918447779784e+002
  5.7000000000000162e+000   1.5449098458373328e+002  -4.0000000000000000e+000   1.5444383135653558e+002
  5.8000000000000167e+000   1.5432569491394835e+002  -4.0000000000000000e+000   1.5427856960667307e+002
  5.9000000000000172e+000   1.5416049662396961e+002  -4.0000000000000000e+000   1.5411339923632809e+002
  6.0000000000000178e+000   1.5399559344506298e+002  -4.0000000000000000e+000   1.5394835978015146e+002
  6.1000000000000183e+000   1.5384381921564028e+002  -4.0000000000000000e+000   1.5379507210004149e+002
  6.2000000000000188e+000   1.5370138545428301e+002  -4.0000000000000000e+000   1.5365029726957940e+002
  6.3000000000000194e+000   1.5357946615647268e+002  -4.0000000000000000e+000   1.5352531603191835e+002
  6.4000000000000199e+000   1.5348172813048365e+002  -4.0000000000000000e+000   1.5342402444291324e+002
  6.5000000000000204e+000   1.5341048242735295e+002  -4.0000000000000000e+000   1.5334891842797995e+002
  6.6000000000000210e+000   1.5336662860777253e+002  -4.0000000000000000e+000   1.5330109256380973e+002
  6.7000000000000215e+000   1.5334969461568261e+002  -4.0000000000000000e+000   1.5328026964003359e+002
  6.8000000000000220e+000   1.5335790842794532e+002  -4.0000000000000000e+000   1.5328486020600926e+002
  6.9000000000000226e+000   1.5338847077310012e+002  -4.0000000000000000e+000   1.5331222476573927e+002
  7.0000000000000231e+000   1.5343775084177980e+002  -4.0000000000000000e+000   1.5335886089101956e+002
  7.1000000000000236e+000   1.5350153817382071e+002  -4.0000000000000000e+000   1.5342064689547612e+002
  7.2000000000000242e+000   1.5357532201839993e+002  -4.0000000000000000e+000   1.5349311829257672e+002
  7.3000000000000247e+000   1.5365454460825489e+002  -4.0000000000000000e+000   1.5357172120675494e+002
  7.4000000000000252e+000   1.5373483759968715e+002  -4.0000000000000000e+000   1.5365205173813129e+002
  7.5000000000000258e+000   1.5381222658732082e+002  -4.0000000000000000e+000   1.5373006701266115e+002
  7.6000000000000263e+000   1.5388328132982713e+002  -4.0000000000000000e+000   1.5380224266397087e+002
  7.7000000000000268e+000   1.5394524957783881e+002  -4.0000000000000000e+000   1.5386571626575366e+002
  7.8000000000000274e+000   1.5399610826437703e+002  -4.0000000000000000e+000   1.5391834610323664e+002
  7.9000000000000279e+000   1.5403458471888987e+002  -4.0000000000000000e+000   1.5395873850377737e+002
  8.0000000000000284e+000   1.5406015390201378e+002  -4.0000000000000000e+000   1.5398625600964471e+002
  8.1000000000000281e+000   1.5407301057786358e+002  -4.0000000000000000e+000   1.5400098804570709e+002
  8.2000000000000277e+000   1.5407398105010384e+002  -4.0000000000000000e+000   1.5400368180874599e+002
  8.3000000000000274e+000   1.5406444099628436e+002  -4.0000000000000000e+000   1.5399561392886733e+002
  8.4000000000000270e+000   1.5404612878579559e+002  -4.0000000000000000e+000   1.5397849713315824e+002
  8.5000000000000266e+000   1.5402113484059331e+002  -4.0000000000000000e+000   1.5395437961306337e+002
  8.6000000000000263e+000   1.5399168985737808e+002  -4.0000000000000000e+000   1.5392547790426573e+002
  8.7000000000000259e+000   1.5396005365229462e+002  -4.0000000000000000e+000   1.5389405346987090e+002
  8.8000000000000256e+000   1.5392837956256466e+002  -4.0000000000000000e+000   1.5386228572685638e+002
  8.9000000000000252e+000   1.5389861129235726e+002  -4.0000000000000000e+000   1.5383215294412594e+002
  9.0000000000000249e+000   1.5387238877501636e+002  -4.0000000000000000e+000   1.5380533711497301e+002
  9.1000000000000245e+000   1.5385097797426633e+002  -4.0000000000000000e+000   1.5378317340137653e+002
  9.2000000000000242e+000   1.5383523387431271e+002  -4.0000000000000000e+000   1.5376658628255157e+002
  9.3000000000000238e+000   1.5382555978079623e+002  -4.0000000000000000e+000   1.5375598395843195e+002
  9.4000000000000234e+000   1.5382197245620651e+002  -4.0000000000000000e+000   1.5375150414224268e+002
  9.5000000000000231e+000   1.5382411179589778e+002  -4.0000000000000000e+000   1.5375281904257864e+002
  9.6000000000000227e+000   1.5383130032394405e+002  -4.0000000000000000e+000   1.5375929594198556e+002
  9.7000000000000224e+000   1.5384261555195451e+002  -4.0000000000000000e+000   1.5377004512462346e+002
  9.8000000000000220e+000   1.5385697942102476e+002  -4.0000000000000000e+000   1.5378400892548927e+002
  9.9000000000000217e+000   1.5387324089752880e+002  -4.0000000000000000e+000   1.5380004438246868e+002
  1.0000000000000000e+001   1.5389024455343673e+002  -4.0000000000000000e+000   1.5381699199522797e+002
