  0.0000000000000000e+000   1.5000000000000000e+000  -4.0000000000000000e+000   1.5000000000000000e+000
  1.0000000000000023e-001   7.3838053356958167e+000  -3.9278808607506770e+000   2.5845737938778544e+000
  2.0000000000000046e-001   2.1221445776442600e+001  -3.6118413898441419e+000   9.1213136361437517e+000
  3.0000000000000071e-001   3.3993505692229405e+001  -3.0557710893721319e+000   2.0470068649898153e+001
  4.0000000000000091e-001   4.6348189130766947e+001  -2.2936175370795704e+000   3.3095914611600200e+001
  5.0000000000000111e-001   5.8199692923244655e+001  -1.3453078862817169e+000   4.5882774974829061e+001
  6.0000000000000131e-001   6.9616008113641143e+001  -2.2146286080982014e-001   5.8491155923698336e+001
  7.0000000000000151e-001   8.0612281129351459e+001   1.0704300371314348e+000   7.0793490337243867e+001
  8.0000000000000171e-001   9.1196748721641825e+001   2.5235234921563734e+000   8.2728720361165372e+001
  9.0000000000000191e-001   1.0137170555434564e+002   4.1309131171662923e+000   9.4259420421392846e+001
  1.0000000000000022e+000   1.1113589037340367e+002   5.8856157423722717e+000   1.0535491840547571e+002
  1.1000000000000025e+000   1.2048497404697183e+002   7.6666981497662565e+000   1.1597439569413088e+002
  1.2000000000000028e+000   1.2940603805805509e+002   9.3607435620630479e+000   1.2605123145940767e+002
  1.3000000000000032e+000   1.3787642207746799e+002   1.0972124153203239e+001   1.3552806871454015e+002
  1.4000000000000035e+000   1.4587268173767634e+002   1.2504893453157901e+001   1.4436113216241557e+002
  1.5000000000000038e+000   1.5337776359318062e+002   1.3962903166498890e+001   1.5251547706196493e+002
  1.6000000000000041e+000   1.6038382588362435e+002   1.5349802252686402e+001   1.5997308785316636e+002
  1.7000000000000044e+000   1.6688766507996175e+002   1.6669059045471638e+001   1.6675188336948068e+002
  1.8000000000000047e+000   1.7287549046241475e+002   1.4066955603175067e+001   1.7282851798703720e+002
  1.9000000000000050e+000   1.7755628636505133e+002   3.0083975910195324e+000   1.7710602977942924e+002
  2.0000000000000053e+000   1.8096868315624303e+002  -1.2952182744191503e+000   1.8033346803729486e+002
  2.1000000000000054e+000   1.8360157428452720e+002  -2.9608609641249157e+000   1.8297112913338418e+002
  2.2000000000000055e+000   1.8572646676510874e+002  -3.6022188237948249e+000   1.8517432361162457e+002
  2.3000000000000056e+000   1.8749670511386051e+002  -3.8481996943770751e+000   1.8702895956262370e+002
  2.4000000000000057e+000   1.8900488410560143e+002  -3.9421142421594952e+000   1.8860629665310242e+002
  2.5000000000000058e+000   1.9031371990323305e+002  -3.9779806353618725e+000   1.8996716019531956e+002
  2.6000000000000059e+000   1.9143522387075834e+002  -3.9916059686867977e+000   1.9099342927435822e+002
  2.7000000000000060e+000   1.9181466599419161e+002  -3.9968305634849406e+000   1.9050683780078865e+002
  2.8000000000000060e+000   1.9124060711868054e+002  -3.9988043704630720e+000   1.8894224187624403e+002
  2.9000000000000061e+000   1.9026694408542218e+002  -3.9995490412612948e+000   1.8792049881401530e+002
  3.0000000000000062e+000   1.8927220634801660e+002  -3.9998295274416442e+000   1.8708425009863274e+002
  3.1000000000000063e+000   1.8832772918456101e+002  -3.9999349193475280e+000   1.8631252990653041e+002
  3.2000000000000064e+000   1.8744868542720488e+002  -3.9999746233846523e+000   1.8558995392387277e+002
  3.3000000000000065e+000   1.8663808272146727e+002  -3.9999891778994083e+000   1.8491819679867129e+002
  3.4000000000000066e+000   1.8589597898114201e+002  -3.9999947479829863e+000   1.8429975778410994e+002
  3.5000000000000067e+000   1.8522118093920022e+002  -3.9999972305659490e+000   1.8373579651161018e+002
  3.6000000000000068e+000   1.8461182864814771e+002  -3.9999988080615356e+000   1.8322639460695189e+002
  3.7000000000000068e+000   1.8406556550909283e+002  -3.9999998592195807e+000   1.8277071965294283e+002
  3.8000000000000069e+000   1.8357968901501735e+002  -4.0000000000000000e+000   1.8236721802888863e+002
  3.9000000000000070e+000   1.8315153668869351e+002  -4.0000000000000000e+000   1.8201411231837372e+002
  4.0000000000000071e+000   1.8277851503151746e+002  -4.0000000000000000e+000   1.8170962332449625e+002
  4.1000000000000076e+000   1.8245784917737984e+002  -4.0000000000000000e+000   1.8145168391497370e+002
  4.2000000000000082e+000   1.8218694247823362e+002  -4.0000000000000000e+000   1.8123825990172236e+002
  4.3000000000000087e+000   1.8196329108388105e+002  -4.0000000000000000e+000   1.8106734690446223e+002
  4.4000000000000092e+000   1.8178449201769399e+002  -4.0000000000000000e+000   1.8093698506027010e+002
  4.5000000000000098e+000   1.8164825305619749e+002  -4.0000000000000000e+000   1.8084527811143133e+002
  4.6000000000000103e+000   1.8155240495044785e+002  -4.0000000000000000e+000   1.8079040995498053e+002
  4.7000000000000108e+000   1.8149484814747012e+002  -4.0000000000000000e+000   1.8077060778872573e+002
  4.8000000000000114e+000   1.8147359537864361e+002  -4.0000000000000000e+000   1.8078415957120612e+002
  4.9000000000000119e+000   1.8148675625238150e+002  -4.0000000000000000e+000   1.8082944246641156e+002
  5.0000000000000124e+000   1.8153279470055807e+002  -4.0000000000000000e+000   1.8090513501637167e+002
  5.1000000000000130e+000   1.8160999007813615e+002  -4.0000000000000000e+000   1.8100974769466708e+002
  5.2000000000000135e+000   1.8171662652259332e+002  -4.0000000000000000e+000   1.8114176544494001e+002
  5.3000000000000140e+000   1.8185134733209651e+002  -4.0000000000000000e+000   1.8129998758046827e+002
  5.4000000000000146e+000   1.8201269680833011e+002  -4.0000000000000000e+000   1.8148312917954311e+002
  5.5000000000000151e+000   1.8219928755753591e+002  -4.0000000000000000e+000   1.8168994662816198e+002
  5.6000000000000156e+000   1.8240983664290880e+002  -4.0000000000000000e+000   1.8191928760880103e+002
  5.7000000000000162e+000   1.8264310594574891e+002  -4.0000000000000000e+000   1.8217002979299997e+002
  5.8000000000000167e+000   1.8289803263498786e+002  -4.0000000000000000e+000   1.8244121588774675e+002
  5.9000000000000172e+000   1.8317346979818839e+002  -4.0000000000000000e+000   1.8273180116271072e+002
  6.0000000000000178e+000   1.8346836248875761e+002  -4.0000000000000000e+000   1.8304081778669894e+002
  6.1000000000000183e+000   1.8378172088331209e+002  -4.0000000000000000e+000   1.8336735659921564e+002
  6.2000000000000188e+000   1.8411259891551435e+002  -4.0000000000000000e+000   1.8371054488229765e+002
  6.3000000000000194e+000   1.8446009598794120e+002  -4.0000000000000000e+000   1.8406954903114303e+002
  6.4000000000000199e+000   1.8482335543200995e+002  -4.0000000000000000e+000   1.8444357330686168e+002
  6.5000000000000204e+000   1.8520157409988673e+002  -4.0000000000000000e+000   1.8483186908748564e+002
  6.6000000000000210e+000   1.8559394982327657e+002  -4.0000000000000000e+000   1.8523369164042936e+002
  6.7000000000000215e+000   1.8599972582111823e+002  -4.0000000000000000e+000   1.8564832015239369e+002
  6.8000000000000220e+000   1.8641822540424354e+002  -4.0000000000000000e+000   1.8607512761521238e+002
  6.9000000000000226e+000   1.8684880233590226e+002  -4.0000000000000000e+000   1.8651350412120021e+002
  7.0000000000000231e+000   1.8729079027742111e+002  -4.0000000000000000e+000   1.8696282026081727e+002
  7.1000000000000236e+000   1.8774358250678384e+002  -4.0000000000000000e+000   1.8742250176101240e+002
  7.2000000000000242e+000   1.8820659783713904e+002  -4.0000000000000000e+000   1.8789199791650117e+002
  7.3000000000000247e+000   1.8867928147162789e+002  -4.0000000000000000e+000   1.8837078186178519e+002
  7.4000000000000252e+000   1.8916110529005698e+002  -4.0000000000000000e+000   1.8885835117161554e+002
  7.5000000000000258e+000   1.8965156390987386e+002  -4.0000000000000000e+000   1.8935422433554584e+002
  7.6000000000000263e+000   1.9015018806833567e+002  -4.0000000000000000e+000   1.8985795332331782e+002
  7.7000000000000268e+000   1.9065648311306251e+002  -4.0000000000000000e+000   1.9036906615616132e+002
  7.8000000000000274e+000   1.9113094629049868e+002  -4.0000000000000000e+000   1.9074595086411270e+002
  7.9000000000000279e+000   1.9123959482360993e+002  -4.0000000000000000e+000   1.9047458791957786e+002
  8.0000000000000284e+000   1.9087442717706372e+002  -4.0000000000000000e+000   1.8959064631538345e+002
  8.1000000000000281e+000   1.9019234554156418e+002  -4.0000000000000000e+000   1.8876813297205285e+002
  8.2000000000000277e+000   1.8951260270632292e+002  -4.0000000000000000e+000   1.8815841557724619e+002
  8.3000000000000274e+000   1.8889671699740813e+002  -4.0000000000000000e+000   1.8762525527499690e+002
  8.4000000000000270e+000   1.8834752488895776e+002  -4.0000000000000000e+000   1.8715367171563994e+002
  8.5000000000000266e+000   1.8786239486150461e+002  -4.0000000000000000e+000   1.8673973487055500e+002
  8.6000000000000263e+000   1.8743805982703901e+002  -4.0000000000000000e+000   1.8638077928611358e+002
  8.7000000000000259e+000   1.8707131889351231e+002  -4.0000000000000000e+000   1.8607412158507938e+002
  8.8000000000000256e+000   1.8675906179153259e+002  -4.0000000000000000e+000   1.8581713202586255e+002
  8.9000000000000252e+000   1.8649831113786576e+002  -4.0000000000000000e+000   1.8560727219214064e+002
  9.0000000000000249e+000   1.8628617927481440e+002  -4.0000000000000000e+000   1.8544205810091097e+002
  9.1000000000000245e+000   1.8611986001491110e+002  -4.0000000000000000e+000   1.8531902792239975e+002
  9.2000000000000242e+000   1.8599694649878219e+002  -4.0000000000000000e+000   1.8523607476142973e+002
  9.3000000000000238e+000   1.8591520913703977e+002  -4.0000000000000000e+000   1.8519124554044581e+002
  9.4000000000000234e+000   1.8587219995544169e+002  -4.0000000000000000e+000   1.8518237260001277e+002
  9.5000000000000231e+000   1.8586569517393579e+002  -4.0000000000000000e+000   1.8520747481424482e+002
  9.6000000000000227e+000   1.8589379336704644e+002  -4.0000000000000000e+000   1.8526483108801119e+002
  9.7000000000000224e+000   1.8595459670124239e+002  -4.0000000000000000e+000   1.8535275189869154e+002
  9.8000000000000220e+000   1.8604631218095921e+002  -4.0000000000000000e+000   1.8546961910858167e+002
  9.9000000000000217e+000   1.8616726850285028e+002  -4.0000000000000000e+000   1.8561392157404259e+002
  1.0000000000000000e+001   1.8631588538970780e+002  -4.0000000000000000e+000   1.8578422592123334e+002
