  0.0000000000000000e+000   1.5000000000000000e+000  -4.0000000000000000e+000   1.5000000000000000e+000
  1.0000000000000023e-001   7.3838053356958167e+000  -3.9278808607506770e+000   2.5845737938778544e+000
  2.0000000000000046e-001   2.1221445776442600e+001  -3.6118413898441419e+000   9.1213136361437517e+000
  3.0000000000000071e-001   3.3993505692229405e+001  -3.0557710893721319e+000   2.0470068649898153e+001
  4.0000000000000091e-001   4.6348189130766947e+001  -2.2936175370795704e+000   3.3095914611600200e+001
  5.0000000000000111e-001   5.8199692923244655e+001  -1.3453078862817169e+000   4.5882774974829061e+001
  6.0000000000000131e-001   6.9607227534728423e+001  -2.0741461135175667e+000   5.8322684231498151e+001
  7.0000000000000151e-001   8.0498926902214748e+001  -3.0507234503525065e+000   6.9981912152626066e+001
  8.0000000000000171e-001   9.0814405223229727e+001  -3.5510026107745283e+000   8.1033313724068194e+001
  9.0000000000000191e-001   1.0054000818955002e+002  -3.7941434679612964e+000   9.1543807334711047e+001
  1.0000000000000022e+000   1.0967321902051833e+002  -3.9079695987834637e+000   1.0151267248939106e+002
  1.1000000000000025e+000   1.1820842613517767e+002  -3.9600226577681923e+000   1.1091473586522402e+002
  1.2000000000000028e+000   1.2613400979138119e+002  -3.9830455345262030e+000   1.1971794430553965e+002
  1.3000000000000032e+000   1.3343366144972839e+002  -3.9929361994769845e+000   1.2788894867283618e+002
  1.4000000000000035e+000   1.4008984876338155e+002  -3.9971075577154718e+000   1.3539505039404398e+002
  1.5000000000000038e+000   1.4608822775219264e+002  -3.9989026099138623e+000   1.4220583927889314e+002
  1.6000000000000041e+000   1.5142265574028380e+002  -3.9995744686228663e+000   1.4829658954704632e+002
  1.7000000000000044e+000   1.5609995047225675e+002  -3.9998343073556333e+000   1.5365350660898648e+002
  1.8000000000000047e+000   1.6014363730814119e+002  -3.9999403401431128e+000   1.5828047271496507e+002
  1.9000000000000050e+000   1.6359463922906963e+002  -3.9999772775143936e+000   1.6220505618194619e+002
  2.0000000000000053e+000   1.6650904124509995e+002  -3.9999914739679325e+000   1.6548122544020717e+002
  2.1000000000000054e+000   1.6895361855394754e+002  -3.9999967545769581e+000   1.6818681471779493e+002
  2.2000000000000055e+000   1.7099889248849863e+002  -3.9999987404661321e+000   1.7041233662642085e+002
  2.3000000000000056e+000   1.7271609449241620e+002  -3.9999995061460147e+000   1.7225154255053801e+002
  2.4000000000000057e+000   1.7417211925735975e+002  -3.9999998048507841e+000   1.7378969623862727e+002
  2.5000000000000058e+000   1.7542620090008953e+002  -3.9999999256722658e+000   1.7509926349683292e+002
  2.6000000000000059e+000   1.7652815814581015e+002  -3.9999999781792126e+000   1.7623910542871317e+002
  2.7000000000000060e+000   1.7751738502040936e+002  -3.9999999920835099e+000   1.7725409558533087e+002
  2.8000000000000060e+000   1.7842442678066061e+002  -3.9999999971015243e+000   1.7817891232703047e+002
  2.9000000000000061e+000   1.7927219055337801e+002  -3.9999999994783768e+000   1.7903890636719512e+002
  3.0000000000000062e+000   1.8007730485233395e+002  -4.0000000000000000e+000   1.7985252593049140e+002
  3.1000000000000063e+000   1.8085177133397471e+002  -4.0000000000000000e+000   1.8063292658766031e+002
  3.2000000000000064e+000   1.8160399781907074e+002  -4.0000000000000000e+000   1.8138932628307867e+002
  3.3000000000000065e+000   1.8234003141217494e+002  -4.0000000000000000e+000   1.8212832539312524e+002
  3.4000000000000066e+000   1.8306405301056682e+002  -4.0000000000000000e+000   1.8285448119387954e+002
  3.5000000000000067e+000   1.8377905861649410e+002  -4.0000000000000000e+000   1.8357105021536526e+002
  3.6000000000000068e+000   1.8448710596660430e+002  -4.0000000000000000e+000   1.8428026663202630e+002
  3.7000000000000068e+000   1.8518966230037370e+002  -4.0000000000000000e+000   1.8498371999957612e+002
  3.8000000000000069e+000   1.8588762106292344e+002  -4.0000000000000000e+000   1.8568237508702742e+002
  3.9000000000000070e+000   1.8658170387653840e+002  -4.0000000000000000e+000   1.8637701013588961e+002
  4.0000000000000071e+000   1.8727246697190694e+002  -4.0000000000000000e+000   1.8706822119555389e+002
  4.1000000000000076e+000   1.8796031493238624e+002  -4.0000000000000000e+000   1.8775644095770775e+002
  4.2000000000000082e+000   1.8864554064173913e+002  -4.0000000000000000e+000   1.8844198115663980e+002
  4.3000000000000087e+000   1.8932837455842071e+002  -4.0000000000000000e+000   1.8912508623990357e+002
  4.4000000000000092e+000   1.9000900177569289e+002  -4.0000000000000000e+000   1.8980595197359909e+002
  4.5000000000000098e+000   1.9068755185812813e+002  -4.0000000000000000e+000   1.9048471459049915e+002
  4.6000000000000103e+000   1.9123894564421605e+002  -4.0000000000000000e+000   1.9082080111510484e+002
  4.7000000000000108e+000   1.9122206091297431e+002  -4.0000000000000000e+000   1.9025918875007193e+002
  4.8000000000000114e+000   1.9062690512269427e+002  -4.0000000000000000e+000   1.8910081980858448e+002
  4.9000000000000119e+000   1.8983364871334550e+002  -4.0000000000000000e+000   1.8830703698588391e+002
  5.0000000000000124e+000   1.8908616129585454e+002  -4.0000000000000000e+000   1.8764679870168479e+002
  5.1000000000000130e+000   1.8840876107289367e+002  -4.0000000000000000e+000   1.8706047757204541e+002
  5.2000000000000135e+000   1.8780187415638295e+002  -4.0000000000000000e+000   1.8653756096609379e+002
  5.3000000000000140e+000   1.8726224536777406e+002  -4.0000000000000000e+000   1.8607487132769396e+002
  5.4000000000000146e+000   1.8678639311626944e+002  -4.0000000000000000e+000   1.8566967931189095e+002
  5.5000000000000151e+000   1.8637095168192451e+002  -4.0000000000000000e+000   1.8531915856539908e+002
  5.6000000000000156e+000   1.8601265425713694e+002  -4.0000000000000000e+000   1.8502054705013308e+002
  5.7000000000000162e+000   1.8570835229401919e+002  -4.0000000000000000e+000   1.8477117159904412e+002
  5.8000000000000167e+000   1.8545498930320167e+002  -4.0000000000000000e+000   1.8456840690317017e+002
  5.9000000000000172e+000   1.8524976506518755e+002  -4.0000000000000000e+000   1.8440982663476132e+002
  6.0000000000000178e+000   1.8508990799414607e+002  -4.0000000000000000e+000   1.8429301107472338e+002
  6.1000000000000183e+000   1.8497323653316647e+002  -4.0000000000000000e+000   1.8421605634110315e+002
  6.2000000000000188e+000   1.8489727259071557e+002  -4.0000000000000000e+000   1.8417678621976231e+002
  6.3000000000000194e+000   1.8485963029405386e+002  -4.0000000000000000e+000   1.8417308119602524e+002
  6.4000000000000199e+000   1.8485814252605115e+002  -4.0000000000000000e+000   1.8420301241376902e+002
  6.5000000000000204e+000   1.8489088674847960e+002  -4.0000000000000000e+000   1.8426483775146568e+002
  6.6000000000000210e+000   1.8495614176440404e+002  -4.0000000000000000e+000   1.8435703478951817e+002
  6.7000000000000215e+000   1.8505205568661469e+002  -4.0000000000000000e+000   1.8447793931616673e+002
  6.8000000000000220e+000   1.8517696617541662e+002  -4.0000000000000000e+000   1.8462604404627126e+002
  6.9000000000000226e+000   1.8532932725042969e+002  -4.0000000000000000e+000   1.8479994872095733e+002
  7.0000000000000231e+000   1.8550767382551760e+002  -4.0000000000000000e+000   1.8499832175016564e+002
  7.1000000000000236e+000   1.8571061881245427e+002  -4.0000000000000000e+000   1.8521989880570410e+002
  7.2000000000000242e+000   1.8593680420480050e+002  -4.0000000000000000e+000   1.8546343583083191e+002
  7.3000000000000247e+000   1.8618507976785497e+002  -4.0000000000000000e+000   1.8572787722072718e+002
  7.4000000000000252e+000   1.8645429310765087e+002  -4.0000000000000000e+000   1.8601216586147203e+002
  7.5000000000000258e+000   1.8674329106301340e+002  -4.0000000000000000e+000   1.8631523523980488e+002
  7.6000000000000263e+000   1.8705104045645317e+002  -4.0000000000000000e+000   1.8663612772028074e+002
  7.7000000000000268e+000   1.8737654864772713e+002  -4.0000000000000000e+000   1.8697392169746101e+002
  7.8000000000000274e+000   1.8771887517542280e+002  -4.0000000000000000e+000   1.8732774140035139e+002
  7.9000000000000279e+000   1.8807712841203767e+002  -4.0000000000000000e+000   1.8769675435526077e+002
  8.0000000000000284e+000   1.8845046733104112e+002  -4.0000000000000000e+000   1.8808017320324785e+002
  8.1000000000000281e+000   1.8883808776128703e+002  -4.0000000000000000e+000   1.8847724374616581e+002
  8.2000000000000277e+000   1.8923919461337161e+002  -4.0000000000000000e+000   1.8888721883203371e+002
  8.3000000000000274e+000   1.8965307967791284e+002  -4.0000000000000000e+000   1.8930942812860246e+002
  8.4000000000000270e+000   1.9007909028058637e+002  -4.0000000000000000e+000   1.8974325805803130e+002
  8.5000000000000266e+000   1.9051652809165086e+002  -4.0000000000000000e+000   1.9018804711649355e+002
  8.6000000000000263e+000   1.9096319507132847e+002  -4.0000000000000000e+000   1.9062973867164709e+002
  8.7000000000000259e+000   1.9123890123254870e+002  -4.0000000000000000e+000   1.9065737442701388e+002
  8.8000000000000256e+000   1.9115494768423139e+002  -4.0000000000000000e+000   1.9028184197254953e+002
  8.9000000000000252e+000   1.9077148238416746e+002  -4.0000000000000000e+000   1.8956949546713699e+002
  9.0000000000000249e+000   1.9019365455707506e+002  -4.0000000000000000e+000   1.8892108656176731e+002
  9.1000000000000245e+000   1.8963522280390487e+002  -4.0000000000000000e+000   1.8843094795007755e+002
  9.2000000000000242e+000   1.8913773886088967e+002  -4.0000000000000000e+000   1.8800438084841923e+002
  9.3000000000000238e+000   1.8870090098982709e+002  -4.0000000000000000e+000   1.8763397229557444e+002
  9.4000000000000234e+000   1.8832216449668050e+002  -4.0000000000000000e+000   1.8731615142833485e+002
  9.5000000000000231e+000   1.8799845847886664e+002  -4.0000000000000000e+000   1.8704837288744454e+002
  9.6000000000000227e+000   1.8772682790536217e+002  -4.0000000000000000e+000   1.8682823260279997e+002
  9.7000000000000224e+000   1.8750445611631636e+002  -4.0000000000000000e+000   1.8665330646084510e+002
  9.8000000000000220e+000   1.8732864338787451e+002  -4.0000000000000000e+000   1.8652124751601235e+002
  9.9000000000000217e+000   1.8719680975956527e+002  -4.0000000000000000e+000   1.8642980354639499e+002
  1.0000000000000000e+001   1.8710647250548081e+002  -4.0000000000000000e+000   1.8637678500612532e+002
