  0.0000000000000000e+000   1.5000000000000000e+000  -4.0000000000000000e+000   1.5000000000000000e+000
  1.0000000000000023e-001   7.3838053356958167e+000  -3.9278808607506770e+000   2.5845737938778544e+000
  2.0000000000000046e-001   2.1221445776442600e+001  -3.6118413898441419e+000   9.1213136361437517e+000
  3.0000000000000071e-001   3.3993505692229405e+001  -3.0557710893721319e+000   2.0470068649898153e+001
  4.0000000000000091e-001   4.6348189130766947e+001  -2.2936175370795704e+000   3.3095914611600200e+001
  5.0000000000000111e-001   5.8199692923244655e+001  -1.3453078862817169e+000   4.5882774974829061e+001
  6.0000000000000131e-001   6.9616008113641143e+001  -2.2146286080982014e-001   5.8491155923698336e+001
  7.0000000000000151e-001   8.0612281129351459e+001   1.0704300371314348e+000   7.0793490337243867e+001
  8.0000000000000171e-001   9.1196748721641825e+001   2.5235234921563734e+000   8.2728720361165372e+001
  9.0000000000000191e-001   1.0137170555434564e+002   4.1309131171662923e+000   9.4259420421392846e+001
  1.0000000000000022e+000   1.1113589037340367e+002   5.8856157423722717e+000   1.0535491840547571e+002
  1.1000000000000025e+000   1.2048497404697183e+002   7.6666981497662565e+000   1.1597439569413088e+002
  1.2000000000000028e+000   1.2937690623898169e+002   3.8945036975247476e+000   1.2567032062378820e+002
  1.3000000000000032e+000   1.3740434113009781e+002  -7.4572860690937137e-001   1.3352997608778361e+002
  1.4000000000000035e+000   1.4440890763154110e+002  -2.6802192683699122e+000   1.4058850573948195e+002
  1.5000000000000038e+000   1.5052190493958005e+002  -3.4714762917863409e+000   1.4707215938617688e+002
  1.6000000000000041e+000   1.5586443897350230e+002  -3.7904553394275746e+000   1.5295074878236156e+002
  1.7000000000000044e+000   1.6051827728437968e+002  -3.9175466877593248e+000   1.5817424019463164e+002
  1.8000000000000047e+000   1.6454323639949084e+002  -3.9677391004642200e+000   1.6272279181832326e+002
  1.9000000000000050e+000   1.6799375542008235e+002  -3.9873795331179664e+000   1.6661208177362286e+002
  2.0000000000000053e+000   1.7092757861426881e+002  -3.9951179302428939e+000   1.6988823877506886e+002
  2.1000000000000054e+000   1.7340733845773124e+002  -3.9981106875338850e+000   1.7262029140328931e+002
  2.2000000000000055e+000   1.7549874051174137e+002  -3.9992470202621559e+000   1.7489002138213769e+002
  2.3000000000000056e+000   1.7726707315424693e+002  -3.9996998205231509e+000   1.7678167508747143e+002
  2.4000000000000057e+000   1.7877406040953659e+002  -3.9998813055481732e+000   1.7837355525139404e+002
  2.5000000000000058e+000   1.8007523879497606e+002  -3.9999522351473553e+000   1.7973320872017459e+002
  2.6000000000000059e+000   1.8121803533370635e+002  -3.9999807711115225e+000   1.8091655147363321e+002
  2.7000000000000060e+000   1.8224150860317610e+002  -3.9999935736279162e+000   1.8196828927186684e+002
  2.8000000000000060e+000   1.8317622457557266e+002  -3.9999987229164273e+000   1.8292281387828672e+002
  2.9000000000000061e+000   1.8404513245335181e+002  -3.9999994904384204e+000   1.8380559890009744e+002
  3.0000000000000062e+000   1.8486577131442928e+002  -3.9999998362310603e+000   1.8463610714992754e+002
  3.1000000000000063e+000   1.8565111644891402e+002  -4.0000000000000000e+000   1.8542843541034699e+002
  3.2000000000000064e+000   1.8641058373855441e+002  -4.0000000000000000e+000   1.8619292165263889e+002
  3.3000000000000065e+000   1.8715060756418720e+002  -4.0000000000000000e+000   1.8693655560095456e+002
  3.4000000000000066e+000   1.8787623608967078e+002  -4.0000000000000000e+000   1.8766482024921007e+002
  3.5000000000000067e+000   1.8859095038373439e+002  -4.0000000000000000e+000   1.8838148343627910e+002
  3.6000000000000068e+000   1.8929719584458803e+002  -4.0000000000000000e+000   1.8908919233173131e+002
  3.7000000000000068e+000   1.8999675155619246e+002  -4.0000000000000000e+000   1.8978986792090669e+002
  3.8000000000000069e+000   1.9069088997163698e+002  -4.0000000000000000e+000   1.9048488218793847e+002
  3.9000000000000070e+000   1.9125291272138173e+002  -4.0000000000000000e+000   1.9082617207752187e+002
  4.0000000000000071e+000   1.9123570139472940e+002  -4.0000000000000000e+000   1.9024942764621784e+002
  4.1000000000000076e+000   1.9063259995842608e+002  -4.0000000000000000e+000   1.8907937882434391e+002
  4.2000000000000082e+000   1.8983460154544611e+002  -4.0000000000000000e+000   1.8828248038964861e+002
  4.3000000000000087e+000   1.8908166431644466e+002  -4.0000000000000000e+000   1.8761997807261369e+002
  4.4000000000000092e+000   1.8839918185003697e+002  -4.0000000000000000e+000   1.8703049524317419e+002
  4.5000000000000098e+000   1.8778728267911967e+002  -4.0000000000000000e+000   1.8650439707122214e+002
  4.6000000000000103e+000   1.8724275237190915e+002  -4.0000000000000000e+000   1.8603855108217158e+002
  4.7000000000000108e+000   1.8676218091818578e+002  -4.0000000000000000e+000   1.8563013878110263e+002
  4.8000000000000114e+000   1.8634217734837722e+002  -4.0000000000000000e+000   1.8527638038610081e+002
  4.9000000000000119e+000   1.8597945563843288e+002  -4.0000000000000000e+000   1.8497454799018448e+002
  5.0000000000000124e+000   1.8567083294407979e+002  -4.0000000000000000e+000   1.8472196612911921e+002
  5.1000000000000130e+000   1.8541330637235359e+002  -4.0000000000000000e+000   1.8451605316268365e+002
  5.2000000000000135e+000   1.8520402832426711e+002  -4.0000000000000000e+000   1.8435434896890209e+002
  5.3000000000000140e+000   1.8504032432925294e+002  -4.0000000000000000e+000   1.8423451847113105e+002
  5.4000000000000146e+000   1.8491967252899093e+002  -4.0000000000000000e+000   1.8415436308028839e+002
  5.5000000000000151e+000   1.8483969897706888e+002  -4.0000000000000000e+000   1.8411178612401270e+002
  5.6000000000000156e+000   1.8479817086606437e+002  -4.0000000000000000e+000   1.8410481784744564e+002
  5.7000000000000162e+000   1.8479296074353826e+002  -4.0000000000000000e+000   1.8413157833204608e+002
  5.8000000000000167e+000   1.8482204830619705e+002  -4.0000000000000000e+000   1.8419026500167828e+002
  5.9000000000000172e+000   1.8488372557150447e+002  -4.0000000000000000e+000   1.8427935452115125e+002
  6.0000000000000178e+000   1.8497618192307877e+002  -4.0000000000000000e+000   1.8439722393403466e+002
  6.1000000000000183e+000   1.8509772116145945e+002  -4.0000000000000000e+000   1.8454234230700098e+002
  6.2000000000000188e+000   1.8524681305554452e+002  -4.0000000000000000e+000   1.8471332715502231e+002
  6.3000000000000194e+000   1.8542199411071243e+002  -4.0000000000000000e+000   1.8490885165644104e+002
  6.4000000000000199e+000   1.8562187936437130e+002  -4.0000000000000000e+000   1.8512765710201700e+002
  6.5000000000000204e+000   1.8584511183342801e+002  -4.0000000000000000e+000   1.8536850312716749e+002
  6.6000000000000210e+000   1.8609052757184119e+002  -4.0000000000000000e+000   1.8563032405273367e+002
  6.7000000000000215e+000   1.8635699395853604e+002  -4.0000000000000000e+000   1.8591208344594835e+002
  6.8000000000000220e+000   1.8664335213902132e+002  -4.0000000000000000e+000   1.8621271195970721e+002
  6.9000000000000226e+000   1.8694856593801640e+002  -4.0000000000000000e+000   1.8653125080301922e+002
  7.0000000000000231e+000   1.8727164302727061e+002  -4.0000000000000000e+000   1.8686678031211764e+002
  7.1000000000000236e+000   1.8761164164456909e+002  -4.0000000000000000e+000   1.8721842489754982e+002
  7.2000000000000242e+000   1.8796766856122841e+002  -4.0000000000000000e+000   1.8758535182134383e+002
  7.3000000000000247e+000   1.8833888007786311e+002  -4.0000000000000000e+000   1.8796677230021336e+002
  7.4000000000000252e+000   1.8872447282350149e+002  -4.0000000000000000e+000   1.8836193372418677e+002
  7.5000000000000258e+000   1.8912365491321853e+002  -4.0000000000000000e+000   1.8877009323653010e+002
  7.6000000000000263e+000   1.8953569696091628e+002  -4.0000000000000000e+000   1.8919056294972154e+002
  7.7000000000000268e+000   1.8995993302866239e+002  -4.0000000000000000e+000   1.8962271133942974e+002
  7.8000000000000274e+000   1.9039567891576954e+002  -4.0000000000000000e+000   1.9006589599981353e+002
  7.9000000000000279e+000   1.9084234053599283e+002  -4.0000000000000000e+000   1.9051949844958622e+002
  8.0000000000000284e+000   1.9120342681448520e+002  -4.0000000000000000e+000   1.9070560842188004e+002
  8.1000000000000281e+000   1.9118769014506034e+002  -4.0000000000000000e+000   1.9033553997812467e+002
  8.2000000000000277e+000   1.9077889614177212e+002  -4.0000000000000000e+000   1.8949252300815630e+002
  8.3000000000000274e+000   1.9013590608955988e+002  -4.0000000000000000e+000   1.8878130115053489e+002
  8.4000000000000270e+000   1.8951529310353129e+002  -4.0000000000000000e+000   1.8823232160069088e+002
  8.5000000000000266e+000   1.8895769715687197e+002  -4.0000000000000000e+000   1.8775254703648963e+002
  8.6000000000000263e+000   1.8846408906241285e+002  -4.0000000000000000e+000   1.8733105775293171e+002
  8.7000000000000259e+000   1.8803155191749914e+002  -4.0000000000000000e+000   1.8696477065012809e+002
  8.8000000000000256e+000   1.8765695979686103e+002  -4.0000000000000000e+000   1.8665104482688707e+002
  8.9000000000000252e+000   1.8733723550076741e+002  -4.0000000000000000e+000   1.8638728496584832e+002
  9.0000000000000249e+000   1.8706939789052100e+002  -4.0000000000000000e+000   1.8617096277848196e+002
  9.1000000000000245e+000   1.8685058349231099e+002  -4.0000000000000000e+000   1.8599962552619061e+002
  9.2000000000000242e+000   1.8667806020542133e+002  -4.0000000000000000e+000   1.8587090178024431e+002
  9.3000000000000238e+000   1.8654925975008729e+002  -4.0000000000000000e+000   1.8578253530859337e+002
  9.4000000000000234e+000   1.8646176602443452e+002  -4.0000000000000000e+000   1.8573239619218384e+002
  9.5000000000000231e+000   1.8641329307934376e+002  -4.0000000000000000e+000   1.8571846402986773e+002
  9.6000000000000227e+000   1.8640170358278834e+002  -4.0000000000000000e+000   1.8573882448130314e+002
  9.7000000000000224e+000   1.8642482361483502e+002  -4.0000000000000000e+000   1.8579154303697783e+002
  9.8000000000000220e+000   1.8648090486494257e+002  -4.0000000000000000e+000   1.8587505095208957e+002
  9.9000000000000217e+000   1.8656829323891827e+002  -4.0000000000000000e+000   1.8598786559353832e+002
  1.0000000000000000e+001   1.8668513980132644e+002  -4.0000000000000000e+000   1.8612831641083702e+002
