  0.0000000000000000e+000   1.5000000000000000e+000  -4.0000000000000000e+000   1.5000000000000000e+000
  1.0000000000000023e-001   9.4461798804079500e+000  -3.9278808532892087e+000   2.8271842590898921e+000
  2.0000000000000046e-001   2.6330524752195341e+001  -3.6118414504226681e+000   1.0879936918612819e+001
  3.0000000000000071e-001   4.1509311389678764e+001  -3.0557735687996352e+000   2.4060537870570737e+001
  4.0000000000000091e-001   5.6143650357305177e+001  -2.2936228148948210e+000   3.8603766489328656e+001
  5.0000000000000111e-001   7.0069733354952788e+001  -1.3452961629233942e+000   5.3397121708810850e+001
  6.0000000000000131e-001   8.3409741207484203e+001  -2.2145909153610210e-001   6.8058016296050468e+001
  7.0000000000000151e-001   9.6166666645423973e+001   1.0704290612351359e+000   8.2407294947496240e+001
  8.0000000000000171e-001   1.0832630732516188e+002   2.5235197922516965e+000   9.6331455458881578e+001
  9.0000000000000191e-001   1.1982435098263791e+002   5.2734009744498600e-002   1.0934517828840390e+002
  1.0000000000000022e+000   1.3040418745160247e+002  -2.1874798021769717e+000   1.2085448584906955e+002
  1.1000000000000025e+000   1.3986603748811814e+002  -3.2131151419265760e+000   1.3135962603465049e+002
  1.2000000000000028e+000   1.4811209195457099e+002  -3.6685599178076638e+000   1.4092964539708831e+002
  1.3000000000000032e+000   1.5507634208751622e+002  -3.8634468399620503e+000   1.4943862509504581e+002
  1.4000000000000035e+000   1.6073683043263912e+002  -3.9447264456759537e+000   1.5670277491372985e+002
  1.5000000000000038e+000   1.6515661811150363e+002  -3.9778448380941875e+000   1.6257106215341923e+002
  1.6000000000000041e+000   1.6850003470310671e+002  -3.9912116990053965e+000   1.6700431963265342e+002
  1.7000000000000044e+000   1.7099056336037194e+002  -3.9965558158301291e+000   1.7015211403515940e+002
  1.8000000000000047e+000   1.7284609870551753e+002  -3.9986604445024021e+000   1.7233329775848532e+002
  1.9000000000000050e+000   1.7425182919935122e+002  -3.9994795135778052e+000   1.7389103233181245e+002
  2.0000000000000053e+000   1.7536788877054593e+002  -3.9998009990954428e+000   1.7508124181661478e+002
  2.1000000000000054e+000   1.7630932456074183e+002  -3.9999226550001241e+000   1.7605980809675415e+002
  2.2000000000000055e+000   1.7715266616465541e+002  -3.9999698522085887e+000   1.7692226591660500e+002
  2.3000000000000056e+000   1.7794223098180584e+002  -3.9999881802240500e+000   1.7772172703977884e+002
  2.4000000000000057e+000   1.7870210833802923e+002  -3.9999952392867035e+000   1.7848686485940172e+002
  2.5000000000000058e+000   1.7944511770649376e+002  -3.9999980533353678e+000   1.7923279853524909e+002
  2.6000000000000059e+000   1.8017762301870584e+002  -3.9999991083358952e+000   1.7996702406408608e+002
  2.7000000000000060e+000   1.8090330642468214e+002  -3.9999995663767351e+000   1.8069381652306680e+002
  2.8000000000000060e+000   1.8162406609992803e+002  -3.9999998012693601e+000   1.8141534692022861e+002
  2.9000000000000061e+000   1.8234098226680410e+002  -3.9999999340735308e+000   1.8213282460903329e+002
  3.0000000000000062e+000   1.8305473325513935e+002  -4.0000000000000000e+000   1.8284699940721103e+002
  3.1000000000000063e+000   1.8376571340940862e+002  -4.0000000000000000e+000   1.8355828515431949e+002
  3.2000000000000064e+000   1.8447439096135062e+002  -4.0000000000000000e+000   1.8426719342024899e+002
  3.3000000000000065e+000   1.8518107262193200e+002  -4.0000000000000000e+000   1.8497404909216792e+002
  3.4000000000000066e+000   1.8588598556124148e+002  -4.0000000000000000e+000   1.8567909058789394e+002
  3.5000000000000067e+000   1.8658931792034394e+002  -4.0000000000000000e+000   1.8638251454915587e+002
  3.6000000000000068e+000   1.8729122511019108e+002  -4.0000000000000000e+000   1.8708448295014742e+002
  3.7000000000000068e+000   1.8799183666609815e+002  -4.0000000000000000e+000   1.8778513046288165e+002
  3.8000000000000069e+000   1.8869126018671821e+002  -4.0000000000000000e+000   1.8848456871607880e+002
  3.9000000000000070e+000   1.8938959006948440e+002  -4.0000000000000000e+000   1.8918289541089450e+002
  4.0000000000000071e+000   1.9008690172760029e+002  -4.0000000000000000e+000   1.8988018855136767e+002
  4.1000000000000076e+000   1.9078320741002179e+002  -4.0000000000000000e+000   1.9057539182650746e+002
  4.2000000000000082e+000   1.9129384525838941e+002  -4.0000000000000000e+000   1.9080328202431113e+002
  4.3000000000000087e+000   1.9121740910143097e+002  -4.0000000000000000e+000   1.9017446344356176e+002
  4.4000000000000092e+000   1.9060398694590478e+002  -4.0000000000000000e+000   1.8905234755369872e+002
  4.5000000000000098e+000   1.8982913272098028e+002  -4.0000000000000000e+000   1.8829358951065623e+002
  4.6000000000000103e+000   1.8910224017800894e+002  -4.0000000000000000e+000   1.8765724705189953e+002
  4.7000000000000108e+000   1.8844324223762661e+002  -4.0000000000000000e+000   1.8709050789241419e+002
  4.8000000000000114e+000   1.8785151987846072e+002  -4.0000000000000000e+000   1.8658477280889102e+002
  4.9000000000000119e+000   1.8732441868006657e+002  -4.0000000000000000e+000   1.8613651463973247e+002
  5.0000000000000124e+000   1.8685854076244260e+002  -4.0000000000000000e+000   1.8574273942252808e+002
  5.1000000000000130e+000   1.8645065639057424e+002  -4.0000000000000000e+000   1.8540066383510720e+002
  5.2000000000000135e+000   1.8609769302385305e+002  -4.0000000000000000e+000   1.8510815999156901e+002
  5.3000000000000140e+000   1.8579691902531573e+002  -4.0000000000000000e+000   1.8486284891289426e+002
  5.4000000000000146e+000   1.8554563670878335e+002  -4.0000000000000000e+000   1.8466254304702744e+002
  5.5000000000000151e+000   1.8534134591300656e+002  -4.0000000000000000e+000   1.8450513701800935e+002
  5.6000000000000156e+000   1.8518153847210456e+002  -4.0000000000000000e+000   1.8438847474806704e+002
  5.7000000000000162e+000   1.8506410032565009e+002  -4.0000000000000000e+000   1.8431073946950306e+002
  5.8000000000000167e+000   1.8498687500999759e+002  -4.0000000000000000e+000   1.8427010805594500e+002
  5.9000000000000172e+000   1.8494779387536536e+002  -4.0000000000000000e+000   1.8426478151800572e+002
  6.0000000000000178e+000   1.8494497052360188e+002  -4.0000000000000000e+000   1.8429312312756923e+002
  6.1000000000000183e+000   1.8497645781082426e+002  -4.0000000000000000e+000   1.8435341596932079e+002
  6.2000000000000188e+000   1.8504074488942311e+002  -4.0000000000000000e+000   1.8444433573102989e+002
  6.3000000000000194e+000   1.8513610974874624e+002  -4.0000000000000000e+000   1.8456435947240584e+002
  6.4000000000000199e+000   1.8526089736081187e+002  -4.0000000000000000e+000   1.8471200761141182e+002
  6.5000000000000204e+000   1.8541363772083540e+002  -4.0000000000000000e+000   1.8488595739968750e+002
  6.6000000000000210e+000   1.8559292830109723e+002  -4.0000000000000000e+000   1.8508494253844680e+002
  6.7000000000000215e+000   1.8579742942827122e+002  -4.0000000000000000e+000   1.8530774013259233e+002
  6.8000000000000220e+000   1.8602583451363944e+002  -4.0000000000000000e+000   1.8555317880482758e+002
  6.9000000000000226e+000   1.8627700247389384e+002  -4.0000000000000000e+000   1.8582019831807710e+002
  7.0000000000000231e+000   1.8654978561493334e+002  -4.0000000000000000e+000   1.8610775263719506e+002
  7.1000000000000236e+000   1.8684306759185461e+002  -4.0000000000000000e+000   1.8641481131358572e+002
  7.2000000000000242e+000   1.8715582644519796e+002  -4.0000000000000000e+000   1.8674042864802297e+002
  7.3000000000000247e+000   1.8748708041954728e+002  -4.0000000000000000e+000   1.8708369317844375e+002
  7.4000000000000252e+000   1.8783589268909500e+002  -4.0000000000000000e+000   1.8744373284213304e+002
  7.5000000000000258e+000   1.8820137659936577e+002  -4.0000000000000000e+000   1.8781971961304794e+002
  7.6000000000000263e+000   1.8858270092265647e+002  -4.0000000000000000e+000   1.8821087482671820e+002
  7.7000000000000268e+000   1.8897904019494797e+002  -4.0000000000000000e+000   1.8861642658094925e+002
  7.8000000000000274e+000   1.8938962474056953e+002  -4.0000000000000000e+000   1.8903564239900231e+002
  7.9000000000000279e+000   1.8981373331134009e+002  -4.0000000000000000e+000   1.8946784879305667e+002
  8.0000000000000284e+000   1.9025068589598064e+002  -4.0000000000000000e+000   1.8991240047196493e+002
  8.1000000000000281e+000   1.9069993279073668e+002  -4.0000000000000000e+000   1.9036877861273862e+002
  8.2000000000000277e+000   1.9113081764727153e+002  -4.0000000000000000e+000   1.9071873601884047e+002
  8.3000000000000274e+000   1.9124914773612193e+002  -4.0000000000000000e+000   1.9049614517670281e+002
  8.4000000000000270e+000   1.9094545360014425e+002  -4.0000000000000000e+000   1.8973756203847103e+002
  8.5000000000000266e+000   1.9031868611419745e+002  -4.0000000000000000e+000   1.8891127114738447e+002
  8.6000000000000263e+000   1.8967039023321229e+002  -4.0000000000000000e+000   1.8832800640375893e+002
  8.7000000000000259e+000   1.8908178290561330e+002  -4.0000000000000000e+000   1.8782103876318584e+002
  8.8000000000000256e+000   1.8855642611817001e+002  -4.0000000000000000e+000   1.8737363235406292e+002
  8.9000000000000252e+000   1.8809210585173878e+002  -4.0000000000000000e+000   1.8698073606871165e+002
  9.0000000000000249e+000   1.8768568906786601e+002  -4.0000000000000000e+000   1.8663974431004132e+002
  9.1000000000000245e+000   1.8733418553526909e+002  -4.0000000000000000e+000   1.8634831174259003e+002
  9.2000000000000242e+000   1.8703479717074688e+002  -4.0000000000000000e+000   1.8610409174514470e+002
  9.3000000000000238e+000   1.8678487209967156e+002  -4.0000000000000000e+000   1.8590484217226782e+002
  9.4000000000000234e+000   1.8658190092248117e+002  -4.0000000000000000e+000   1.8574844993138916e+002
  9.5000000000000231e+000   1.8642342569930668e+002  -4.0000000000000000e+000   1.8563283746945780e+002
  9.6000000000000227e+000   1.8630714034847784e+002  -4.0000000000000000e+000   1.8555602392354712e+002
  9.7000000000000224e+000   1.8623110058523596e+002  -4.0000000000000000e+000   1.8551635080729739e+002
  9.8000000000000220e+000   1.8619320865616928e+002  -4.0000000000000000e+000   1.8551201062132114e+002
  9.9000000000000217e+000   1.8619139301227619e+002  -4.0000000000000000e+000   1.8554118856669868e+002
  1.0000000000000000e+001   1.8622382106778682e+002  -4.0000000000000000e+000   1.8560226468397994e+002
