  0.0000000000000000e+000   1.5000000000000000e+000  -4.0000000000000000e+000   1.5000000000000000e+000
  1.0000000000000023e-001   9.4461798804079500e+000  -3.9278808532892087e+000   2.8271842590898921e+000
  2.0000000000000046e-001   2.6330524752195341e+001  -3.6118414504226681e+000   1.0879936918612819e+001
  3.0000000000000071e-001   4.1509311389678764e+001  -3.0557735687996352e+000   2.4060537870570737e+001
  4.0000000000000091e-001   5.6143650357305177e+001  -2.2936228148948210e+000   3.8603766489328656e+001
  5.0000000000000111e-001   7.0069733354952788e+001  -1.3452961629233942e+000   5.3397121708810850e+001
  6.0000000000000131e-001   8.3409741207484203e+001  -2.2145909153610210e-001   6.8058016296050468e+001
  7.0000000000000151e-001   9.6166666645423973e+001   1.0704290612351359e+000   8.2407294947496240e+001
  8.0000000000000171e-001   1.0832630732516188e+002   2.5235197922516965e+000   9.6331455458881578e+001
  9.0000000000000191e-001   1.1984706179529485e+002   4.1309004402217049e+000   1.0973578715748161e+002
  1.0000000000000022e+000   1.3066366740770809e+002   5.8856215472086415e+000   1.2251863578371827e+002
  1.1000000000000025e+000   1.4069086081850043e+002   7.6666669509779446e+000   1.3454586394181814e+002
  1.2000000000000028e+000   1.4982959634012687e+002   9.3607298681342446e+000   1.4562214783512536e+002
  1.3000000000000032e+000   1.5798918972414654e+002   1.0972115714108583e+001   1.5553184143154769e+002
  1.4000000000000035e+000   1.6513396908712275e+002   1.2504889099266087e+001   1.6405850184784623e+002
  1.5000000000000038e+000   1.7131942312178495e+002   1.3962901533310106e+001   1.7104801504469665e+002
  1.6000000000000041e+000   1.7619339658262155e+002   3.6704009639931252e+000   1.7577788980030201e+002
  1.7000000000000044e+000   1.7936424381743944e+002  -9.8614209946401177e-001   1.7888189745501410e+002
  1.8000000000000047e+000   1.8148155988561206e+002  -2.8238695085737526e+000   1.8106808414709900e+002
  1.9000000000000050e+000   1.8298862901552110e+002  -3.5437706425527780e+000   1.8265343831909954e+002
  2.0000000000000053e+000   1.8414654016042297e+002  -3.8240214341715335e+000   1.8386460345875366e+002
  2.1000000000000054e+000   1.8510753466488936e+002  -3.9324881006412999e+000   1.8485705034917521e+002
  2.2000000000000055e+000   1.8595955014683520e+002  -3.9742526133987299e+000   1.8572672501532207e+002
  2.3000000000000056e+000   1.8675184861722317e+002  -3.9902059498772426e+000   1.8652878361046507e+002
  2.4000000000000057e+000   1.8751111663735057e+002  -3.9962617795847950e+000   1.8729347082330915e+002
  2.5000000000000058e+000   1.8825147805430868e+002  -3.9985225346075106e+000   1.8803692624963938e+002
  2.6000000000000059e+000   1.8898042334865468e+002  -3.9993852626173476e+000   1.8876772881797561e+002
  2.7000000000000060e+000   1.8970195250296320e+002  -3.9997426388384709e+000   1.8949044795391120e+002
  2.8000000000000060e+000   1.9041812135097243e+002  -3.9998816772715862e+000   1.9020742319400512e+002
  2.9000000000000061e+000   1.9110367098688087e+002  -3.9999479153970454e+000   1.9081484301315569e+002
  3.0000000000000062e+000   1.9134727105299362e+002  -3.9999804741500702e+000   1.9059275925531188e+002
  3.1000000000000063e+000   1.9097713162634440e+002  -3.9999927196611895e+000   1.8954828568849530e+002
  3.2000000000000064e+000   1.9021687734594113e+002  -3.9999972725578861e+000   1.8861373098453538e+002
  3.3000000000000065e+000   1.8944874754593670e+002  -3.9999989714455548e+000   1.8792308334349400e+002
  3.4000000000000066e+000   1.8874461014789961e+002  -3.9999996073854187e+000   1.8731595347565886e+002
  3.5000000000000067e+000   1.8810896463898521e+002  -3.9999998425759333e+000   1.8677260340464133e+002
  3.6000000000000068e+000   1.8753954542697417e+002  -3.9999999323410012e+000   1.8628771192100118e+002
  3.7000000000000068e+000   1.8703299470527153e+002  -3.9999999665266555e+000   1.8585864932831001e+002
  3.8000000000000069e+000   1.8658613878329027e+002  -3.9999999829168025e+000   1.8548282445405286e+002
  3.9000000000000070e+000   1.8619597190031755e+002  -3.9999999920317086e+000   1.8515775051444194e+002
  4.0000000000000071e+000   1.8585966030008163e+002  -3.9999999993228514e+000   1.8488111014780321e+002
  4.1000000000000076e+000   1.8557435794166847e+002  -4.0000000000000000e+000   1.8465057490042767e+002
  4.2000000000000082e+000   1.8533756761609723e+002  -4.0000000000000000e+000   1.8446406307107017e+002
  4.3000000000000087e+000   1.8514694729298938e+002  -4.0000000000000000e+000   1.8431964145774867e+002
  4.4000000000000092e+000   1.8500007839892626e+002  -4.0000000000000000e+000   1.8421527060004826e+002
  4.5000000000000098e+000   1.8489475531599123e+002  -4.0000000000000000e+000   1.8414907229313246e+002
  4.6000000000000103e+000   1.8482889416317857e+002  -4.0000000000000000e+000   1.8411926325132026e+002
  4.7000000000000108e+000   1.8480049728307870e+002  -4.0000000000000000e+000   1.8412411814765986e+002
  4.8000000000000114e+000   1.8480763381810939e+002  -4.0000000000000000e+000   1.8416196458354443e+002
  4.9000000000000119e+000   1.8484861657886353e+002  -4.0000000000000000e+000   1.8423131749403697e+002
  5.0000000000000124e+000   1.8492173780641590e+002  -4.0000000000000000e+000   1.8433068298091703e+002
  5.1000000000000130e+000   1.8502534596465571e+002  -4.0000000000000000e+000   1.8445859344506633e+002
  5.2000000000000135e+000   1.8515792614680200e+002  -4.0000000000000000e+000   1.8461369740327419e+002
  5.3000000000000140e+000   1.8531802377208092e+002  -4.0000000000000000e+000   1.8479469029072467e+002
  5.4000000000000146e+000   1.8550425617450736e+002  -4.0000000000000000e+000   1.8500032598941900e+002
  5.5000000000000151e+000   1.8571529171753232e+002  -4.0000000000000000e+000   1.8522939979227456e+002
  5.6000000000000156e+000   1.8594985986076881e+002  -4.0000000000000000e+000   1.8548074918370432e+002
  5.7000000000000162e+000   1.8620686863861289e+002  -4.0000000000000000e+000   1.8575337996787977e+002
  5.8000000000000167e+000   1.8648516517524450e+002  -4.0000000000000000e+000   1.8604623592990217e+002
  5.9000000000000172e+000   1.8678365671638653e+002  -4.0000000000000000e+000   1.8635830752513385e+002
  6.0000000000000178e+000   1.8710133877570075e+002  -4.0000000000000000e+000   1.8668866550693284e+002
  6.1000000000000183e+000   1.8743724663172014e+002  -4.0000000000000000e+000   1.8703641443648121e+002
  6.2000000000000188e+000   1.8779046172484809e+002  -4.0000000000000000e+000   1.8740069925671943e+002
  6.3000000000000194e+000   1.8816011156880489e+002  -4.0000000000000000e+000   1.8778070528104374e+002
  6.4000000000000199e+000   1.8854538031060045e+002  -4.0000000000000000e+000   1.8817566823039755e+002
  6.5000000000000204e+000   1.8894546536336006e+002  -4.0000000000000000e+000   1.8858483587467839e+002
  6.6000000000000210e+000   1.8935958440172431e+002  -4.0000000000000000e+000   1.8900747058891000e+002
  6.7000000000000215e+000   1.8978707449823219e+002  -4.0000000000000000e+000   1.8944294594146757e+002
  6.8000000000000220e+000   1.9022727061674001e+002  -4.0000000000000000e+000   1.8989063556944566e+002
  6.9000000000000226e+000   1.9067950507053143e+002  -4.0000000000000000e+000   1.9034990648632956e+002
  7.0000000000000231e+000   1.9111802716299695e+002  -4.0000000000000000e+000   1.9071691608733633e+002
  7.1000000000000236e+000   1.9125431310435840e+002  -4.0000000000000000e+000   1.9051888307985195e+002
  7.2000000000000242e+000   1.9097093755249787e+002  -4.0000000000000000e+000   1.8978961998678892e+002
  7.3000000000000247e+000   1.9035419850516726e+002  -4.0000000000000000e+000   1.8894783111498359e+002
  7.4000000000000252e+000   1.8970571690066839e+002  -4.0000000000000000e+000   1.8835889232027910e+002
  7.5000000000000258e+000   1.8911475337387364e+002  -4.0000000000000000e+000   1.8785105870829568e+002
  7.6000000000000263e+000   1.8858730911801078e+002  -4.0000000000000000e+000   1.8740197468538511e+002
  7.7000000000000268e+000   1.8812100165452185e+002  -4.0000000000000000e+000   1.8700748670217010e+002
  7.8000000000000274e+000   1.8771300004699296e+002  -4.0000000000000000e+000   1.8666518923414759e+002
  7.9000000000000279e+000   1.8736002620068879e+002  -4.0000000000000000e+000   1.8637243217044588e+002
  8.0000000000000284e+000   1.8705920426500634e+002  -4.0000000000000000e+000   1.8612689077425173e+002
  8.1000000000000281e+000   1.8680790547506771e+002  -4.0000000000000000e+000   1.8592637375368292e+002
  8.2000000000000277e+000   1.8660360530395192e+002  -4.0000000000000000e+000   1.8576877001223440e+002
  8.3000000000000274e+000   1.8644389688376415e+002  -4.0000000000000000e+000   1.8565204261489220e+002
  8.4000000000000270e+000   1.8632641864222950e+002  -4.0000000000000000e+000   1.8557414277123249e+002
  8.5000000000000266e+000   1.8624919754061639e+002  -4.0000000000000000e+000   1.8553338203085116e+002
  8.6000000000000263e+000   1.8621023526661364e+002  -4.0000000000000000e+000   1.8552805115163599e+002
  8.7000000000000259e+000   1.8620744831075595e+002  -4.0000000000000000e+000   1.8555632953945113e+002
  8.8000000000000256e+000   1.8623900103526412e+002  -4.0000000000000000e+000   1.8561659190550026e+002
  8.9000000000000252e+000   1.8630327418935428e+002  -4.0000000000000000e+000   1.8570742043215449e+002
  9.0000000000000249e+000   1.8639854986685876e+002  -4.0000000000000000e+000   1.8582728948817817e+002
  9.1000000000000245e+000   1.8652325476926771e+002  -4.0000000000000000e+000   1.8597478993432830e+002
  9.2000000000000242e+000   1.8667590816592698e+002  -4.0000000000000000e+000   1.8614859240979806e+002
  9.3000000000000238e+000   1.8685509864332110e+002  -4.0000000000000000e+000   1.8634742256216919e+002
  9.4000000000000234e+000   1.8705948059689541e+002  -4.0000000000000000e+000   1.8657006081425953e+002
  9.5000000000000231e+000   1.8728769055264902e+002  -4.0000000000000000e+000   1.8681526036327637e+002
  9.6000000000000227e+000   1.8753867321668400e+002  -4.0000000000000000e+000   1.8708205661145300e+002
  9.7000000000000224e+000   1.8781123400689171e+002  -4.0000000000000000e+000   1.8736935641984951e+002
  9.8000000000000220e+000   1.8810433158830165e+002  -4.0000000000000000e+000   1.8767619818649180e+002
  9.9000000000000217e+000   1.8841688587517305e+002  -4.0000000000000000e+000   1.8800158250832760e+002
  1.0000000000000000e+001   1.8874790953959246e+002  -4.0000000000000000e+000   1.8834459137517817e+002
