  0.0000000000000000e+000   1.5000000000000000e+000  -4.0000000000000000e+000   1.5000000000000000e+000
  1.0000000000000023e-001   5.2746933551530626e+000  -3.9278808713295810e+000   2.3116520993344687e+000
  2.0000000000000046e-001   1.5389477890987225e+001  -3.6118415241428066e+000   7.0399240901533693e+000
  3.0000000000000071e-001   2.5328219662447193e+001  -3.0557740389821615e+000   1.6006100612961561e+001
  4.0000000000000091e-001   3.5002282610190925e+001  -2.2936230896941368e+000   2.6218603587738873e+001
  5.0000000000000111e-001   4.4378432465921811e+001  -1.3452966748117294e+000   3.6515913332250314e+001
  6.0000000000000131e-001   5.3453155512701940e+001  -2.2145554620556229e-001   4.6594158788236932e+001
  7.0000000000000151e-001   6.2222140276631563e+001   1.0704406321962958e+000   5.6368216400730930e+001
  8.0000000000000171e-001   7.0686817382762470e+001   2.5234689496849159e+000   6.5812107136236250e+001
  9.0000000000000191e-001   7.8854026689247561e+001   4.1308567328966372e+000   7.4915689651592999e+001
  1.0000000000000022e+000   8.6734183827679630e+001   5.8855789537067071e+000   8.3673908823470654e+001
  1.1000000000000025e+000   9.4339025762614583e+001   7.6666827043210013e+000   9.2073619548136890e+001
  1.2000000000000028e+000   1.0167159757105850e+002   9.3607394247212028e+000   1.0008141638253868e+002
  1.3000000000000032e+000   1.0872522611231828e+002   1.0972122150651657e+001   1.0767785598266173e+002
  1.4000000000000035e+000   1.1549063705589218e+002   1.2504891316175502e+001   1.1485643301331123e+002
  1.5000000000000038e+000   1.2195770108378196e+002   1.3962888623349762e+001   1.2161914566878698e+002
  1.6000000000000041e+000   1.2811526457724085e+002   1.5349775109105192e+001   1.2797604833950085e+002
  1.7000000000000044e+000   1.3395040676644138e+002   1.6669021886550759e+001   1.3394693948470228e+002
  1.8000000000000047e+000   1.3945367773780524e+002   1.7923931898252246e+001   1.3954938540963195e+002
  1.9000000000000050e+000   1.4460983408403811e+002   1.9117639060248283e+001   1.4481511933837103e+002
  2.0000000000000053e+000   1.4941168607610979e+002   2.0253128492138963e+001   1.4976043872483908e+002
  2.1000000000000054e+000   1.5385638059071636e+002   2.1333239632887871e+001   1.5438735954970778e+002
  2.2000000000000055e+000   1.5793561233936100e+002   2.2360673826949480e+001   1.5869928254298893e+002
  2.3000000000000056e+000   1.6163887636583107e+002   2.3338001179966675e+001   1.6269074850963591e+002
  2.4000000000000057e+000   1.6494572289617832e+002   2.4267664157825173e+001   1.6634900203356770e+002
  2.5000000000000058e+000   1.6782569176081148e+002   2.5151988008645723e+001   1.6965203832193822e+002
  2.6000000000000059e+000   1.7008377925374006e+002   2.3748509483854004e+001   1.7250717259394369e+002
  2.7000000000000060e+000   1.7041204076923816e+002   1.2228278413398158e+001   1.7213536266412959e+002
  2.8000000000000060e+000   1.6942458549145297e+002   1.7616338079250617e+001   1.7225486504918095e+002
  2.9000000000000061e+000   1.6845407445116572e+002   2.1692237147165986e+001   1.7221719049069617e+002
  3.0000000000000062e+000   1.6779054278895941e+002   2.3776023824400053e+001   1.7219766379684563e+002
  3.1000000000000063e+000   1.6741214843103506e+002   2.4843507527839819e+001   1.7219427399342760e+002
  3.2000000000000064e+000   1.6722524013735361e+002   2.5368742638511101e+001   1.7219546547669626e+002
  3.3000000000000065e+000   1.6714690339840871e+002   2.5595359518871764e+001   1.7219732197510811e+002
  3.4000000000000066e+000   1.6712197317651845e+002   2.5671805143105285e+001   1.7219885920488883e+002
  3.5000000000000067e+000   1.6711925781266632e+002   2.5681358722450529e+001   1.7219999653448610e+002
  3.6000000000000068e+000   1.6712346167539263e+002   2.5670387307302352e+001   1.7220082246737113e+002
  3.7000000000000068e+000   1.6712828068017041e+002   2.5657338476653798e+001   1.7220132717543120e+002
  3.8000000000000069e+000   1.6713178744867818e+002   2.5647386017446788e+001   1.7220153487563726e+002
  3.9000000000000070e+000   1.6713383226881223e+002   2.5641070278637049e+001   1.7220151173139084e+002
  4.0000000000000071e+000   1.6713479621784174e+002   2.5637189402467648e+001   1.7220129454798874e+002
  4.1000000000000076e+000   1.6713508764552441e+002   2.5634217589669753e+001   1.7220088609445284e+002
  4.2000000000000082e+000   1.6713498995645975e+002   2.5633967503932979e+001   1.7220017851880559e+002
  4.3000000000000087e+000   1.6713468210274351e+002   2.5632550581681727e+001   1.7219927240022776e+002
  4.4000000000000092e+000   1.6713424958259955e+002   2.5628640098887441e+001   1.7219840057828185e+002
  4.5000000000000098e+000   1.6713371900820459e+002   2.5627328458055764e+001   1.7219739845857501e+002
  4.6000000000000103e+000   1.6713311761781702e+002   2.5625413031408911e+001   1.7219623754024607e+002
  4.7000000000000108e+000   1.6713244983136769e+002   2.5623422359014615e+001   1.7219498682580567e+002
  4.8000000000000114e+000   1.6713171977617392e+002   2.5621323935438600e+001   1.7219363249538281e+002
  4.9000000000000119e+000   1.6713093016946479e+002   2.5619216827952940e+001   1.7219218741612340e+002
  5.0000000000000124e+000   1.6713008441270861e+002   2.5617052487062168e+001   1.7219065779382913e+002
  5.1000000000000130e+000   1.6712918608370745e+002   2.5614831933602478e+001   1.7218904857314254e+002
  5.2000000000000135e+000   1.6712823831996840e+002   2.5612583742657019e+001   1.7218736534150463e+002
  5.3000000000000140e+000   1.6712724492255185e+002   2.5610283365806701e+001   1.7218561301867618e+002
  5.4000000000000146e+000   1.6712620991455833e+002   2.5607887279367155e+001   1.7218379677972507e+002
  5.5000000000000151e+000   1.6712513647815692e+002   2.5605477533726106e+001   1.7218192078486089e+002
  5.6000000000000156e+000   1.6712402823294204e+002   2.5603014113003919e+001   1.7217998980296682e+002
  5.7000000000000162e+000   1.6712288840892620e+002   2.5600519781203261e+001   1.7217800793266014e+002
  5.8000000000000167e+000   1.6712172082666569e+002   2.5597965254412770e+001   1.7217597897065352e+002
  5.9000000000000172e+000   1.6712052981749639e+002   2.5595364172018204e+001   1.7217390538215474e+002
  6.0000000000000178e+000   1.6711931922437606e+002   2.5592684933612166e+001   1.7217178996622582e+002
  6.1000000000000183e+000   1.6711809657738004e+002   2.5590007177826752e+001   1.7216963616230240e+002
  6.2000000000000188e+000   1.6711692117201835e+002   2.5587190657990785e+001   1.7216744799312255e+002
  6.3000000000000194e+000   1.6745924838414501e+002   2.4838474691707791e+001   1.7218743470658760e+002
  6.4000000000000199e+000   1.6814215944155725e+002   2.2796625818878191e+001   1.7219894129312289e+002
  6.5000000000000204e+000   1.6863228192403997e+002   2.1202840151116089e+001   1.7220313847486892e+002
  6.6000000000000210e+000   1.6890702679232109e+002   2.0252488175349868e+001   1.7220330807268235e+002
  6.7000000000000215e+000   1.6904307916583036e+002   1.9763356682462952e+001   1.7220190015486111e+002
  6.8000000000000220e+000   1.6910532308796627e+002   1.9531310255299172e+001   1.7219980256868203e+002
  6.9000000000000226e+000   1.6913203486528431e+002   1.9425826942968971e+001   1.7219735823316995e+002
  7.0000000000000231e+000   1.6914253409200481e+002   1.9377689454756105e+001   1.7219483486397087e+002
  7.1000000000000236e+000   1.6914588545393320e+002   1.9356063040807545e+001   1.7219228987045878e+002
  7.2000000000000242e+000   1.6914619434138831e+002   1.9345580661259028e+001   1.7218969490719275e+002
  7.3000000000000247e+000   1.6914518453829990e+002   1.9339651538201313e+001   1.7218709300283555e+002
  7.4000000000000252e+000   1.6914358310749284e+002   1.9336024520283527e+001   1.7218447876091696e+002
  7.5000000000000258e+000   1.6914174590958669e+002   1.9333049637178522e+001   1.7218185135669847e+002
  7.6000000000000263e+000   1.6913981704964496e+002   1.9330451624940132e+001   1.7217921067955754e+002
  7.7000000000000268e+000   1.6913784431975714e+002   1.9328001098034942e+001   1.7217656294981049e+002
  7.8000000000000274e+000   1.6913585027186684e+002   1.9325575802566732e+001   1.7217390612100982e+002
  7.9000000000000279e+000   1.6913384383095314e+002   1.9323178046635686e+001   1.7217124066190013e+002
  8.0000000000000284e+000   1.6913182803953410e+002   1.9320794311660290e+001   1.7216856811497860e+002
  8.1000000000000281e+000   1.6912980412274271e+002   1.9318415575976484e+001   1.7216588860562905e+002
  8.2000000000000277e+000   1.6912777461327548e+002   1.9316030652764002e+001   1.7216320326646570e+002
  8.3000000000000274e+000   1.6912573948432177e+002   1.9313648915205953e+001   1.7216051190539949e+002
  8.4000000000000270e+000   1.6912370026435960e+002   1.9311262692199950e+001   1.7215781526473970e+002
  8.5000000000000266e+000   1.6912165665066206e+002   1.9308878790612741e+001   1.7215511386802550e+002
  8.6000000000000263e+000   1.6911960944692629e+002   1.9306493888293247e+001   1.7215240818034218e+002
  8.7000000000000259e+000   1.6911755867397076e+002   1.9304108800861599e+001   1.7214969859260611e+002
  8.8000000000000256e+000   1.6911550474428304e+002   1.9301723613608477e+001   1.7214698548605480e+002
  8.9000000000000252e+000   1.6911344790150400e+002   1.9299340156394226e+001   1.7214426914661541e+002
  9.0000000000000249e+000   1.6911138851131898e+002   1.9296954820686068e+001   1.7214155006123184e+002
  9.1000000000000245e+000   1.6910932689020842e+002   1.9294565361840782e+001   1.7213882863580383e+002
  9.2000000000000242e+000   1.6910726319060623e+002   1.9292181366784934e+001   1.7213610490388157e+002
  9.3000000000000238e+000   1.6910519775401127e+002   1.9289797855820026e+001   1.7213337932815094e+002
  9.4000000000000234e+000   1.6910313087394175e+002   1.9287412993651966e+001   1.7213065226239240e+002
  9.5000000000000231e+000   1.6910106272920044e+002   1.9285028279029330e+001   1.7212792392293494e+002
  9.6000000000000227e+000   1.6909899344055663e+002   1.9282646669422444e+001   1.7212519446054600e+002
  9.7000000000000224e+000   1.6909692332911283e+002   1.9280264863888412e+001   1.7212246425231402e+002
  9.8000000000000220e+000   1.6909485263308923e+002   1.9277881725458123e+001   1.7211973358169348e+002
  9.9000000000000217e+000   1.6909278131677218e+002   1.9275502198376511e+001   1.7211700242462877e+002
  1.0000000000000021e+001   1.6909070967387885e+002   1.9273123456277020e+001   1.7211427112687352e+002
