  0.0000000000000000e+000   1.5000000000000000e+000  -4.0000000000000000e+000   1.5000000000000000e+000
  1.0000000000000023e-001   9.4461798804079500e+000  -3.9278808532892087e+000   2.8271842590898921e+000
  2.0000000000000046e-001   2.6330524752195341e+001  -3.6118414504226681e+000   1.0879936918612819e+001
  3.0000000000000071e-001   4.1509311389678764e+001  -3.0557735687996352e+000   2.4060537870570737e+001
  4.0000000000000091e-001   5.6143650357305177e+001  -2.2936228148948210e+000   3.8603766489328656e+001
  5.0000000000000111e-001   7.0069514761025900e+001  -1.8896715389373075e+000   5.3377827020932109e+001
  6.0000000000000131e-001   8.3375052717538267e+001  -2.8996527643017584e+000   6.7637863121666854e+001
  7.0000000000000151e-001   9.5988426702872502e+001  -3.4576935370567612e+000   8.1257032031185133e+001
  8.0000000000000171e-001   1.0785843213825954e+002  -3.7434866754193203e+000   9.4261013853300383e+001
  9.0000000000000191e-001   1.1892701869233586e+002  -3.8824350151896310e+000   1.0661178568531217e+002
  1.0000000000000022e+000   1.2911583820228606e+002  -3.9473888251126419e+000   1.1823216997859492e+002
  1.1000000000000025e+000   1.3832226442833479e+002  -3.9771412119978904e+000   1.2901274146815439e+002
  1.2000000000000028e+000   1.4642774616857034e+002  -3.9903773854689835e+000   1.3881678594747331e+002
  1.3000000000000032e+000   1.5332178435420505e+002  -3.9960495945668324e+000   1.4748068112707281e+002
  1.4000000000000035e+000   1.5894565835500146e+002  -3.9984045481810986e+000   1.5483248686702677e+002
  1.5000000000000038e+000   1.6334056957752102e+002  -3.9993629196962792e+000   1.6073704941305539e+002
  1.6000000000000041e+000   1.6666226763142726e+002  -3.9997477637413574e+000   1.6517318712350914e+002
  1.7000000000000044e+000   1.6913280017246905e+002  -3.9999007487651466e+000   1.6830520371988311e+002
  1.8000000000000047e+000   1.7096965116783630e+002  -3.9999608477515918e+000   1.7046453150473380e+002
  1.9000000000000050e+000   1.7236087372136143e+002  -3.9999849818240607e+000   1.7200523559808843e+002
  2.0000000000000053e+000   1.7346551395340967e+002  -3.9999941982513754e+000   1.7318200567247814e+002
  2.1000000000000054e+000   1.7440063452196478e+002  -3.9999977813658196e+000   1.7415324533628504e+002
  2.2000000000000055e+000   1.7524067982814523e+002  -3.9999991466911178e+000   1.7501167134288204e+002
  2.3000000000000056e+000   1.7602847086226200e+002  -3.9999996637674999e+000   1.7580895058182639e+002
  2.4000000000000057e+000   1.7678764851271367e+002  -3.9999998615962902e+000   1.7657315407439685e+002
  2.5000000000000058e+000   1.7753066303851588e+002  -3.9999999418713492e+000   1.7731896287549620e+002
  2.6000000000000059e+000   1.7826366048484383e+002  -3.9999999742563981e+000   1.7805361926113903e+002
  2.7000000000000060e+000   1.7898998107717802e+002  -3.9999999876889643e+000   1.7878100702708286e+002
  2.8000000000000060e+000   1.7971148812425881e+002  -3.9999999942098761e+000   1.7950325634331190e+002
  2.9000000000000061e+000   1.8042922616029949e+002  -3.9999999977874396e+000   1.8022153856624249e+002
  3.0000000000000062e+000   1.8114388083584507e+002  -4.0000000000000000e+000   1.8093660573551102e+002
  3.1000000000000063e+000   1.8185579521716070e+002  -4.0000000000000000e+000   1.8164881598263946e+002
  3.2000000000000064e+000   1.8256543892110210e+002  -4.0000000000000000e+000   1.8235868274092400e+002
  3.3000000000000065e+000   1.8327310642108097e+002  -4.0000000000000000e+000   1.8306651742626988e+002
  3.4000000000000066e+000   1.8397902597717049e+002  -4.0000000000000000e+000   1.8377255970208444e+002
  3.5000000000000067e+000   1.8468338138776238e+002  -4.0000000000000000e+000   1.8447700156298214e+002
  3.6000000000000068e+000   1.8538632577774044e+002  -4.0000000000000000e+000   1.8518000254243773e+002
  3.7000000000000068e+000   1.8608798612962954e+002  -4.0000000000000000e+000   1.8588169462836578e+002
  3.8000000000000069e+000   1.8678846811835018e+002  -4.0000000000000000e+000   1.8658218743595575e+002
  3.9000000000000070e+000   1.8748786598829298e+002  -4.0000000000000000e+000   1.8728157855951574e+002
  4.0000000000000071e+000   1.8818625550077061e+002  -4.0000000000000000e+000   1.8797994627254457e+002
  4.1000000000000076e+000   1.8888369794768874e+002  -4.0000000000000000e+000   1.8867735384689459e+002
  4.2000000000000082e+000   1.8958025266732122e+002  -4.0000000000000000e+000   1.8937386255378249e+002
  4.3000000000000087e+000   1.9027597197187939e+002  -4.0000000000000000e+000   1.9006952632296114e+002
  4.4000000000000092e+000   1.9096516004250302e+002  -4.0000000000000000e+000   1.9073140040105949e+002
  4.5000000000000098e+000   1.9133042617590058e+002  -4.0000000000000000e+000   1.9071562293292880e+002
  4.6000000000000103e+000   1.9115422495272821e+002  -4.0000000000000000e+000   1.9007689975864167e+002
  4.7000000000000108e+000   1.9056563986226428e+002  -4.0000000000000000e+000   1.8910538380706564e+002
  4.8000000000000114e+000   1.8986217517217941e+002  -4.0000000000000000e+000   1.8843229820100649e+002
  4.9000000000000119e+000   1.8920923593454330e+002  -4.0000000000000000e+000   1.8786480318889022e+002
  5.0000000000000124e+000   1.8862169160799601e+002  -4.0000000000000000e+000   1.8736163738234200e+002
  5.1000000000000130e+000   1.8809817002166920e+002  -4.0000000000000000e+000   1.8691611936290502e+002
  5.2000000000000135e+000   1.8763558948283435e+002  -4.0000000000000000e+000   1.8652487633000945e+002
  5.3000000000000140e+000   1.8723078456778410e+002  -4.0000000000000000e+000   1.8618551527122580e+002
  5.4000000000000146e+000   1.8688080267115353e+002  -4.0000000000000000e+000   1.8589560246957134e+002
  5.5000000000000151e+000   1.8658285403972133e+002  -4.0000000000000000e+000   1.8565279298360250e+002
  5.6000000000000156e+000   1.8633429347483087e+002  -4.0000000000000000e+000   1.8545487467402873e+002
  5.7000000000000162e+000   1.8613257190209006e+002  -4.0000000000000000e+000   1.8529971271487327e+002
  5.8000000000000167e+000   1.8597525586719766e+002  -4.0000000000000000e+000   1.8518522583685771e+002
  5.9000000000000172e+000   1.8586008479851728e+002  -4.0000000000000000e+000   1.8510950208765055e+002
  6.0000000000000178e+000   1.8578501416296456e+002  -4.0000000000000000e+000   1.8507078208226253e+002
  6.1000000000000183e+000   1.8574817217079348e+002  -4.0000000000000000e+000   1.8506745873033557e+002
  6.2000000000000188e+000   1.8574734010946008e+002  -4.0000000000000000e+000   1.8509760199021144e+002
  6.3000000000000194e+000   1.8578079040714334e+002  -4.0000000000000000e+000   1.8515967033055597e+002
  6.4000000000000199e+000   1.8584688798754343e+002  -4.0000000000000000e+000   1.8525223855804214e+002
  6.5000000000000204e+000   1.8594389799454692e+002  -4.0000000000000000e+000   1.8537376512817434e+002
  6.6000000000000210e+000   1.8607024967999482e+002  -4.0000000000000000e+000   1.8552284188699474e+002
  6.7000000000000215e+000   1.8622447047473895e+002  -4.0000000000000000e+000   1.8569814652407553e+002
  6.8000000000000220e+000   1.8640515512938640e+002  -4.0000000000000000e+000   1.8589841044200202e+002
  6.9000000000000226e+000   1.8661096008010932e+002  -4.0000000000000000e+000   1.8612241604441863e+002
  7.0000000000000231e+000   1.8684057632937885e+002  -4.0000000000000000e+000   1.8636896711897865e+002
  7.1000000000000236e+000   1.8709289205601505e+002  -4.0000000000000000e+000   1.8663704800621292e+002
  7.2000000000000242e+000   1.8736675060875322e+002  -4.0000000000000000e+000   1.8692559914560672e+002
  7.3000000000000247e+000   1.8766103357720803e+002  -4.0000000000000000e+000   1.8723358678764430e+002
  7.4000000000000252e+000   1.8797472364540241e+002  -4.0000000000000000e+000   1.8756006904587753e+002
  7.5000000000000258e+000   1.8830684131718118e+002  -4.0000000000000000e+000   1.8790413638263274e+002
  7.6000000000000263e+000   1.8865645404979412e+002  -4.0000000000000000e+000   1.8826492041372455e+002
  7.7000000000000268e+000   1.8902267809808492e+002  -4.0000000000000000e+000   1.8864159559426690e+002
  7.8000000000000274e+000   1.8940468594194886e+002  -4.0000000000000000e+000   1.8903338649574334e+002
  7.9000000000000279e+000   1.8980166486580123e+002  -4.0000000000000000e+000   1.8943953136817947e+002
  8.0000000000000284e+000   1.9021281403048027e+002  -4.0000000000000000e+000   1.8985927409232025e+002
  8.1000000000000281e+000   1.9063741505263386e+002  -4.0000000000000000e+000   1.9029193591565800e+002
  8.2000000000000277e+000   1.9106477614272407e+002  -4.0000000000000000e+000   1.9068418109967743e+002
  8.3000000000000274e+000   1.9125684389217437e+002  -4.0000000000000000e+000   1.9059188038035515e+002
  8.4000000000000270e+000   1.9107881287441452e+002  -4.0000000000000000e+000   1.9005879801385061e+002
  8.5000000000000266e+000   1.9056924076087066e+002  -4.0000000000000000e+000   1.8922883511624829e+002
  8.6000000000000263e+000   1.8995209839218575e+002  -4.0000000000000000e+000   1.8863759318099179e+002
  8.7000000000000259e+000   1.8938253339590210e+002  -4.0000000000000000e+000   1.8814516614810319e+002
  8.8000000000000256e+000   1.8887455731707672e+002  -4.0000000000000000e+000   1.8771240039349831e+002
  8.9000000000000252e+000   1.8842653914975674e+002  -4.0000000000000000e+000   1.8733423312516820e+002
  9.0000000000000249e+000   1.8803565677124749e+002  -4.0000000000000000e+000   1.8700723573803137e+002
  9.1000000000000245e+000   1.8769890177695137e+002  -4.0000000000000000e+000   1.8672904947422037e+002
  9.2000000000000242e+000   1.8741349710862463e+002  -4.0000000000000000e+000   1.8649745556317066e+002
  9.3000000000000238e+000   1.8717682747455009e+002  -4.0000000000000000e+000   1.8631025214476705e+002
  9.4000000000000234e+000   1.8698641851888684e+002  -4.0000000000000000e+000   1.8616533264426775e+002
  9.5000000000000231e+000   1.8683990725893213e+002  -4.0000000000000000e+000   1.8606068423586524e+002
  9.6000000000000227e+000   1.8673508290413034e+002  -4.0000000000000000e+000   1.8599441402673531e+002
  9.7000000000000224e+000   1.8666977348591760e+002  -4.0000000000000000e+000   1.8596465740026773e+002
  9.8000000000000220e+000   1.8664198441989504e+002  -4.0000000000000000e+000   1.8596967563493618e+002
  9.9000000000000217e+000   1.8664978577424426e+002  -4.0000000000000000e+000   1.8600778085852554e+002
  1.0000000000000000e+001   1.8669146836590872e+002  -4.0000000000000000e+000   1.8607747650372298e+002
