  0.0000000000000000e+000   1.5000000000000000e+000  -4.0000000000000000e+000   1.5000000000000000e+000
  1.0000000000000023e-001   5.2746933551530626e+000  -3.9278808713295810e+000   2.3116520993344687e+000
  2.0000000000000046e-001   1.5389477890987225e+001  -3.6118415241428066e+000   7.0399240901533693e+000
  3.0000000000000071e-001   2.5328219662447193e+001  -3.0557740389821615e+000   1.6006100612961561e+001
  4.0000000000000091e-001   3.5002282610190925e+001  -2.2936230896941368e+000   2.6218603587738873e+001
  5.0000000000000111e-001   4.4378432465921811e+001  -1.3452966748117294e+000   3.6515913332250314e+001
  6.0000000000000131e-001   5.3453155512701940e+001  -2.2145554620556229e-001   4.6594158788236932e+001
  7.0000000000000151e-001   6.2222140276631563e+001   1.0704406321962958e+000   5.6368216400730930e+001
  8.0000000000000171e-001   7.0686817382762470e+001   2.5234689496849159e+000   6.5812107136236250e+001
  9.0000000000000191e-001   7.8854026689247561e+001   4.1308567328966372e+000   7.4915689651592999e+001
  1.0000000000000022e+000   8.6734183827679630e+001   5.8855789537067071e+000   8.3673908823470654e+001
  1.1000000000000025e+000   9.4339025762614583e+001   7.6666827043210013e+000   9.2073619548136890e+001
  1.2000000000000028e+000   1.0167159757105850e+002   9.3607394247212028e+000   1.0008141638253868e+002
  1.3000000000000032e+000   1.0872522611231828e+002   1.0972122150651657e+001   1.0767785598266173e+002
  1.4000000000000035e+000   1.1549063705589218e+002   1.2504891316175502e+001   1.1485643301331123e+002
  1.5000000000000038e+000   1.2195770108378196e+002   1.3962888623349762e+001   1.2161914566878698e+002
  1.6000000000000041e+000   1.2811526457724085e+002   1.5349775109105192e+001   1.2797604833950085e+002
  1.7000000000000044e+000   1.3395040676644138e+002   1.6669021886550759e+001   1.3394693948470228e+002
  1.8000000000000047e+000   1.3945367773780524e+002   1.7923931898252246e+001   1.3954938540963195e+002
  1.9000000000000050e+000   1.4434595887958557e+002   8.1926633181215927e+000   1.4424788797262264e+002
  2.0000000000000053e+000   1.4782661499058307e+002   7.0563414030443994e-001   1.4745560528221523e+002
  2.1000000000000054e+000   1.5040556014321535e+002  -2.1919827576657669e+000   1.4993846339390655e+002
  2.2000000000000055e+000   1.5242066193174023e+002  -3.3077606349500974e+000   1.5197532096328763e+002
  2.3000000000000056e+000   1.5404205360252712e+002  -3.7357883920747992e+000   1.5365910033377583e+002
  2.4000000000000057e+000   1.5535414389951100e+002  -3.8996613344611202e+000   1.5503818656900029e+002
  2.5000000000000058e+000   1.5640167095483335e+002  -3.9619938563921182e+000   1.5614584363178020e+002
  2.6000000000000059e+000   1.5721187185292135e+002  -3.9856778023500961e+000   1.5700738073634244e+002
  2.7000000000000060e+000   1.5780385689366929e+002  -3.9946005408929248e+000   1.5764275343069636e+002
  2.8000000000000060e+000   1.5819288382961753e+002  -3.9979422653833501e+000   1.5806852211012725e+002
  2.9000000000000061e+000   1.5839299696685805e+002  -3.9992252813799887e+000   1.5829979917672904e+002
  3.0000000000000062e+000   1.5841793548372704e+002  -3.9997090249178053e+000   1.5835114979508887e+002
  3.1000000000000063e+000   1.5828751545730668e+002  -3.9998908804475573e+000   1.5824015002373659e+002
  3.2000000000000064e+000   1.5810768313129083e+002  -3.9999591093009572e+000   1.5806180660987849e+002
  3.3000000000000065e+000   1.5793436408181884e+002  -3.9999847108385240e+000   1.5788663519224789e+002
  3.4000000000000066e+000   1.5776718543004779e+002  -3.9999946570341161e+000   1.5771948258716890e+002
  3.5000000000000067e+000   1.5760009625720647e+002  -3.9999985763160062e+000   1.5755242314050432e+002
  3.6000000000000068e+000   1.5743309938783827e+002  -3.9999997696167187e+000   1.5738545180964778e+002
  3.7000000000000068e+000   1.5726619290335304e+002  -3.9999999148719878e+000   1.5721857320949624e+002
  3.8000000000000069e+000   1.5709937765670091e+002  -3.9999999720639487e+000   1.5705178581982011e+002
  3.9000000000000070e+000   1.5693265364508846e+002  -3.9999999862212277e+000   1.5688508968507080e+002
  4.0000000000000071e+000   1.5676602086393254e+002  -3.9999999871835392e+000   1.5671848484812921e+002
  4.1000000000000076e+000   1.5659947934241634e+002  -3.9999999898867342e+000   1.5655197127735130e+002
  4.2000000000000082e+000   1.5643302909880921e+002  -3.9999999942416005e+000   1.5638554895898366e+002
  4.3000000000000087e+000   1.5626667013387032e+002  -3.9999999976896650e+000   1.5621921791574360e+002
  4.4000000000000092e+000   1.5610040245408246e+002  -3.9999999994684727e+000   1.5605297815861013e+002
  4.5000000000000098e+000   1.5593422606775420e+002  -4.0000000000000000e+000   1.5588682969509605e+002
  4.6000000000000103e+000   1.5576814098327449e+002  -4.0000000000000000e+000   1.5572077253319276e+002
  4.7000000000000108e+000   1.5560214720814358e+002  -4.0000000000000000e+000   1.5555480668014425e+002
  4.8000000000000114e+000   1.5543624475065789e+002  -4.0000000000000000e+000   1.5538893214459418e+002
  4.9000000000000119e+000   1.5527043361896213e+002  -4.0000000000000000e+000   1.5522314893451218e+002
  5.0000000000000124e+000   1.5510471382108742e+002  -4.0000000000000000e+000   1.5505745705792904e+002
  5.1000000000000130e+000   1.5493908536508854e+002  -4.0000000000000000e+000   1.5489185652294859e+002
  5.2000000000000135e+000   1.5477354825914830e+002  -4.0000000000000000e+000   1.5472634733770809e+002
  5.3000000000000140e+000   1.5460810251148069e+002  -4.0000000000000000e+000   1.5456092951045773e+002
  5.4000000000000146e+000   1.5444274812969988e+002  -4.0000000000000000e+000   1.5439560304880322e+002
  5.5000000000000151e+000   1.5427748512137333e+002  -4.0000000000000000e+000   1.5423036796031437e+002
  5.6000000000000156e+000   1.5411231349508159e+002  -4.0000000000000000e+000   1.5406522425357286e+002
  5.7000000000000162e+000   1.5395006787828203e+002  -4.0000000000000000e+000   1.5390167775540630e+002
  5.8000000000000167e+000   1.5380279758557796e+002  -4.0000000000000000e+000   1.5375292861758905e+002
  5.9000000000000172e+000   1.5367241750044155e+002  -4.0000000000000000e+000   1.5361936869153030e+002
  6.0000000000000178e+000   1.5356805571312768e+002  -4.0000000000000000e+000   1.5351114994065156e+002
  6.1000000000000183e+000   1.5349290913081740e+002  -4.0000000000000000e+000   1.5343173306607324e+002
  6.2000000000000188e+000   1.5344823811776672e+002  -4.0000000000000000e+000   1.5338264022591110e+002
  6.3000000000000194e+000   1.5343342663791992e+002  -4.0000000000000000e+000   1.5336352187936910e+002
  6.4000000000000199e+000   1.5344617227512313e+002  -4.0000000000000000e+000   1.5337231644135903e+002
  6.5000000000000204e+000   1.5348280603292250e+002  -4.0000000000000000e+000   1.5340556325278914e+002
  6.6000000000000210e+000   1.5353863826116563e+002  -4.0000000000000000e+000   1.5345872842909986e+002
  6.7000000000000215e+000   1.5360833736189556e+002  -4.0000000000000000e+000   1.5352657586067212e+002
  6.8000000000000220e+000   1.5368634658894649e+002  -4.0000000000000000e+000   1.5360358077416851e+002
  6.9000000000000226e+000   1.5376723230575871e+002  -4.0000000000000000e+000   1.5368428212541886e+002
  7.0000000000000231e+000   1.5384599939531978e+002  -4.0000000000000000e+000   1.5376360524608396e+002
  7.1000000000000236e+000   1.5391834445591175e+002  -4.0000000000000000e+000   1.5383712778300423e+002
  7.2000000000000242e+000   1.5398082102395870e+002  -4.0000000000000000e+000   1.5390125793110914e+002
  7.3000000000000247e+000   1.5403096719650989e+002  -4.0000000000000000e+000   1.5395337689930778e+002
  7.4000000000000252e+000   1.5406731968950453e+002  -4.0000000000000000e+000   1.5399186331686357e+002
  7.5000000000000258e+000   1.5408938416102779e+002  -4.0000000000000000e+000   1.5401607558113852e+002
  7.6000000000000263e+000   1.5409758403126247e+002  -4.0000000000000000e+000   1.5402630167974854e+002
  7.7000000000000268e+000   1.5409313035095633e+002  -4.0000000000000000e+000   1.5402364948029705e+002
  7.8000000000000274e+000   1.5407788877746927e+002  -4.0000000000000000e+000   1.5400989641264530e+002
  7.9000000000000279e+000   1.5405418075658747e+002  -4.0000000000000000e+000   1.5398731080073281e+002
  8.0000000000000284e+000   1.5402464005382851e+002  -4.0000000000000000e+000   1.5395849792495434e+002
  8.1000000000000281e+000   1.5399196624806234e+002  -4.0000000000000000e+000   1.5392615639746543e+002
  8.2000000000000277e+000   1.5395868169959883e+002  -4.0000000000000000e+000   1.5389282949662345e+002
  8.3000000000000274e+000   1.5392722257297240e+002  -4.0000000000000000e+000   1.5386099723737391e+002
  8.4000000000000270e+000   1.5389957631517041e+002  -4.0000000000000000e+000   1.5383270679217534e+002
  8.5000000000000266e+000   1.5387727134674793e+002  -4.0000000000000000e+000   1.5380955805068510e+002
  8.6000000000000263e+000   1.5386129170296007e+002  -4.0000000000000000e+000   1.5379261346279566e+002
  8.7000000000000259e+000   1.5385207282845781e+002  -4.0000000000000000e+000   1.5378238814340961e+002
  8.8000000000000256e+000   1.5384954290196842e+002  -4.0000000000000000e+000   1.5377888334632601e+002
  8.9000000000000252e+000   1.5385316646730459e+002  -4.0000000000000000e+000   1.5378162923174705e+002
  9.0000000000000249e+000   1.5386203769555226e+002  -4.0000000000000000e+000   1.5378977119176650e+002
  9.1000000000000245e+000   1.5387498256816920e+002  -4.0000000000000000e+000   1.5380217081071740e+002
  9.2000000000000242e+000   1.5389067421754118e+002  -4.0000000000000000e+000   1.5381751898501065e+002
  9.3000000000000238e+000   1.5390773907211766e+002  -4.0000000000000000e+000   1.5383444487977877e+002
  9.4000000000000234e+000   1.5392485206899400e+002  -4.0000000000000000e+000   1.5385160804426820e+002
  9.5000000000000231e+000   1.5394089842588428e+002  -4.0000000000000000e+000   1.5386786874513223e+002
  9.6000000000000227e+000   1.5395492616291963e+002  -4.0000000000000000e+000   1.5388223940589174e+002
  9.7000000000000224e+000   1.5396625515882599e+002  -4.0000000000000000e+000   1.5389399942988192e+002
  9.8000000000000220e+000   1.5397447583750977e+002  -4.0000000000000000e+000   1.5390269709695056e+002
  9.9000000000000217e+000   1.5397943751119607e+002  -4.0000000000000000e+000   1.5390814067503706e+002
  1.0000000000000000e+001   1.5398127614745169e+002  -4.0000000000000000e+000   1.5391042927246016e+002
