  0.0000000000000000e+000   1.5000000000000000e+000  -4.0000000000000000e+000   1.5000000000000000e+000
  1.0000000000000023e-001   7.3838053356958167e+000  -3.9278808607506770e+000   2.5845737938778544e+000
  2.0000000000000046e-001   2.1221445776442600e+001  -3.6118413898441419e+000   9.1213136361437517e+000
  3.0000000000000071e-001   3.3993505692229405e+001  -3.0557710893721319e+000   2.0470068649898153e+001
  4.0000000000000091e-001   4.6348189130766947e+001  -2.2936175370795704e+000   3.3095914611600200e+001
  5.0000000000000111e-001   5.8199692923244655e+001  -1.3453078862817169e+000   4.5882774974829061e+001
  6.0000000000000131e-001   6.9616008113641143e+001  -2.2146286080982014e-001   5.8491155923698336e+001
  7.0000000000000151e-001   8.0612281129351459e+001   1.0704300371314348e+000   7.0793490337243867e+001
  8.0000000000000171e-001   9.1196748721641825e+001   2.5235234921563734e+000   8.2728720361165372e+001
  9.0000000000000191e-001   1.0137170555434564e+002   4.1309131171662923e+000   9.4259420421392846e+001
  1.0000000000000022e+000   1.1113589037340367e+002   5.8856157423722717e+000   1.0535491840547571e+002
  1.1000000000000025e+000   1.2048497404697183e+002   7.6666981497662565e+000   1.1597439569413088e+002
  1.2000000000000028e+000   1.2940603805805509e+002   9.3607435620630479e+000   1.2605123145940767e+002
  1.3000000000000032e+000   1.3787642207746799e+002   1.0972124153203239e+001   1.3552806871454015e+002
  1.4000000000000035e+000   1.4585265809413843e+002   7.3761423301925326e+000   1.4411302927049505e+002
  1.5000000000000038e+000   1.5280831156402823e+002   5.5491659689322415e-001   1.5062628166622650e+002
  1.6000000000000041e+000   1.5855966731509272e+002  -2.1950738329371582e+000   1.5625626971570176e+002
  1.7000000000000044e+000   1.6336632220128814e+002  -3.2906587954780413e+000   1.6128873204698343e+002
  1.8000000000000047e+000   1.6742748473781768e+002  -3.7230904032801058e+000   1.6571996067812998e+002
  1.9000000000000050e+000   1.7087319404655355e+002  -3.8924245575232459e+000   1.6953938288775109e+002
  2.0000000000000053e+000   1.7379521305295103e+002  -3.9584067175815476e+000   1.7277496830466339e+002
  2.1000000000000054e+000   1.7626846642579767e+002  -3.9839058810955046e+000   1.7548663899441559e+002
  2.2000000000000055e+000   1.7836111695650860e+002  -3.9937553640929413e+000   1.7775096498806133e+002
  2.3000000000000056e+000   1.8013788102580975e+002  -3.9976350670203309e+000   1.7964821196661137e+002
  2.4000000000000057e+000   1.8165870110056451e+002  -3.9991151805340457e+000   1.8125277439609940e+002
  2.5000000000000058e+000   1.8297399630877615e+002  -3.9996297920778265e+000   1.8262644775571064e+002
  2.6000000000000059e+000   1.8413120994021662e+002  -3.9998475584597735e+000   1.8382470421959366e+002
  2.7000000000000060e+000   1.8516773766450291e+002  -3.9999395037825787e+000   1.8489012886669602e+002
  2.8000000000000060e+000   1.8611326970181290e+002  -3.9999758315659903e+000   1.8585612052780931e+002
  2.9000000000000061e+000   1.8699075519382566e+002  -3.9999891338465607e+000   1.8674813161466611e+002
  3.0000000000000062e+000   1.8781798573843415e+002  -3.9999953420193677e+000   1.8758583478025258e+002
  3.1000000000000063e+000   1.8860797721332796e+002  -3.9999982436329553e+000   1.8838329514027009e+002
  3.2000000000000064e+000   1.8937023311582846e+002  -3.9999993319251601e+000   1.8915097194152406e+002
  3.3000000000000065e+000   1.9011175203363644e+002  -3.9999997194667039e+000   1.8989644033018234e+002
  3.4000000000000066e+000   1.9083737623267947e+002  -3.9999998864660773e+000   1.9062117844727547e+002
  3.5000000000000067e+000   1.9132922454762110e+002  -3.9999999575998020e+000   1.9079202904304887e+002
  3.6000000000000068e+000   1.9121592405270181e+002  -3.9999999843216725e+000   1.9012424632558879e+002
  3.7000000000000068e+000   1.9058509439810862e+002  -3.9999999941717146e+000   1.8902195962033295e+002
  3.8000000000000069e+000   1.8981134849892663e+002  -3.9999999978299225e+000   1.8827458374096079e+002
  3.9000000000000070e+000   1.8908709467870329e+002  -3.9999999992048143e+000   1.8764307176681785e+002
  4.0000000000000071e+000   1.8843166195747153e+002  -3.9999999996921418e+000   1.8708049706924160e+002
  4.1000000000000076e+000   1.8784497762316789e+002  -3.9999999998745319e+000   1.8657872138518712e+002
  4.2000000000000082e+000   1.8732390066178047e+002  -3.9999999999460201e+000   1.8613519620117427e+002
  4.3000000000000087e+000   1.8686510720502116e+002  -3.9999999999760272e+000   1.8574753977914489e+002
  4.4000000000000092e+000   1.8646537602854369e+002  -3.9999999999898050e+000   1.8541309853169338e+002
  4.5000000000000098e+000   1.8612155944077188e+002  -3.9999999999971458e+000   1.8512926014316298e+002
  4.6000000000000103e+000   1.8583056949210371e+002  -4.0000000000000000e+000   1.8489342773437238e+002
  4.7000000000000108e+000   1.8558946250780025e+002  -4.0000000000000000e+000   1.8470312055212491e+002
  4.8000000000000114e+000   1.8539560573176385e+002  -4.0000000000000000e+000   1.8455606336926382e+002
  4.9000000000000119e+000   1.8524632518137301e+002  -4.0000000000000000e+000   1.8444994627665469e+002
  5.0000000000000124e+000   1.8513915230442436e+002  -4.0000000000000000e+000   1.8438261071944186e+002
  5.1000000000000130e+000   1.8507177801729665e+002  -4.0000000000000000e+000   1.8435202945754958e+002
  5.2000000000000135e+000   1.8504201296228911e+002  -4.0000000000000000e+000   1.8435627173364068e+002
  5.3000000000000140e+000   1.8504772761762371e+002  -4.0000000000000000e+000   1.8439344522054475e+002
  5.4000000000000146e+000   1.8508711729481416e+002  -4.0000000000000000e+000   1.8446194779403788e+002
  5.5000000000000151e+000   1.8515843964952978e+002  -4.0000000000000000e+000   1.8456023347126134e+002
  5.6000000000000156e+000   1.8525988818453456e+002  -4.0000000000000000e+000   1.8468668075367489e+002
  5.7000000000000162e+000   1.8538986578890567e+002  -4.0000000000000000e+000   1.8483985120111845e+002
  5.8000000000000167e+000   1.8554686551767759e+002  -4.0000000000000000e+000   1.8501838571476569e+002
  5.9000000000000172e+000   1.8572946023034717e+002  -4.0000000000000000e+000   1.8522099213592819e+002
  6.0000000000000178e+000   1.8593628137356464e+002  -4.0000000000000000e+000   1.8544642955182783e+002
  6.1000000000000183e+000   1.8616603083294953e+002  -4.0000000000000000e+000   1.8569350526760968e+002
  6.2000000000000188e+000   1.8641759959115464e+002  -4.0000000000000000e+000   1.8596121294091023e+002
  6.3000000000000194e+000   1.8668981975185622e+002  -4.0000000000000000e+000   1.8624848133825347e+002
  6.4000000000000199e+000   1.8698157950354980e+002  -4.0000000000000000e+000   1.8655428373069194e+002
  6.5000000000000204e+000   1.8729186657354674e+002  -4.0000000000000000e+000   1.8687768457274097e+002
  6.6000000000000210e+000   1.8761970879809292e+002  -4.0000000000000000e+000   1.8721778274862510e+002
  6.7000000000000215e+000   1.8796418084666109e+002  -4.0000000000000000e+000   1.8757371829812493e+002
  6.8000000000000220e+000   1.8832440599415264e+002  -4.0000000000000000e+000   1.8794467395989594e+002
  6.9000000000000226e+000   1.8869956202455282e+002  -4.0000000000000000e+000   1.8832988093903501e+002
  7.0000000000000231e+000   1.8908884403801591e+002  -4.0000000000000000e+000   1.8872858583092645e+002
  7.1000000000000236e+000   1.8949147888020056e+002  -4.0000000000000000e+000   1.8914006197740571e+002
  7.2000000000000242e+000   1.8990676615848619e+002  -4.0000000000000000e+000   1.8956364784983541e+002
  7.3000000000000247e+000   1.9033406174225649e+002  -4.0000000000000000e+000   1.8999873795509453e+002
  7.4000000000000252e+000   1.9077269275111888e+002  -4.0000000000000000e+000   1.9044469587560454e+002
  7.5000000000000258e+000   1.9116619273129061e+002  -4.0000000000000000e+000   1.9071577278432468e+002
  7.6000000000000263e+000   1.9121074313927130e+002  -4.0000000000000000e+000   1.9040777724513575e+002
  7.7000000000000268e+000   1.9084086427742091e+002  -4.0000000000000000e+000   1.8958097198548245e+002
  7.8000000000000274e+000   1.9019531403430358e+002  -4.0000000000000000e+000   1.8882003166685118e+002
  7.9000000000000279e+000   1.8955813026856578e+002  -4.0000000000000000e+000   1.8825259571245263e+002
  8.0000000000000284e+000   1.8898369284479824e+002  -4.0000000000000000e+000   1.8775726350589744e+002
  8.1000000000000281e+000   1.8847386286041225e+002  -4.0000000000000000e+000   1.8732166212762525e+002
  8.2000000000000277e+000   1.8802609177015782e+002  -4.0000000000000000e+000   1.8694161960255965e+002
  8.3000000000000274e+000   1.8763705404149420e+002  -4.0000000000000000e+000   1.8661482923662314e+002
  8.4000000000000270e+000   1.8730363002732341e+002  -4.0000000000000000e+000   1.8633869781229529e+002
  8.5000000000000266e+000   1.8702283049156947e+002  -4.0000000000000000e+000   1.8611062492613800e+002
  8.6000000000000263e+000   1.8679176757908442e+002  -4.0000000000000000e+000   1.8592812949941668e+002
  8.7000000000000259e+000   1.8660762651231957e+002  -4.0000000000000000e+000   1.8578877877503683e+002
  8.8000000000000256e+000   1.8646780442700302e+002  -4.0000000000000000e+000   1.8569029511514242e+002
  8.9000000000000252e+000   1.8636985640772474e+002  -4.0000000000000000e+000   1.8563053543290610e+002
  9.0000000000000249e+000   1.8631157584859557e+002  -4.0000000000000000e+000   1.8560754872392494e+002
  9.1000000000000245e+000   1.8629075949565913e+002  -4.0000000000000000e+000   1.8561937330474314e+002
  9.2000000000000242e+000   1.8630519569064788e+002  -4.0000000000000000e+000   1.8566405301342394e+002
  9.3000000000000238e+000   1.8635300986136329e+002  -4.0000000000000000e+000   1.8573987847302121e+002
  9.4000000000000234e+000   1.8643250933903656e+002  -4.0000000000000000e+000   1.8584534490343285e+002
  9.5000000000000231e+000   1.8654186526411763e+002  -4.0000000000000000e+000   1.8597879876043427e+002
  9.6000000000000227e+000   1.8667946238153138e+002  -4.0000000000000000e+000   1.8613877457072073e+002
  9.7000000000000224e+000   1.8684378819784811e+002  -4.0000000000000000e+000   1.8632389853970096e+002
  9.8000000000000220e+000   1.8703340955559545e+002  -4.0000000000000000e+000   1.8653286433195765e+002
  9.9000000000000217e+000   1.8724694571765031e+002  -4.0000000000000000e+000   1.8676441033154384e+002
  1.0000000000000000e+001   1.8748311580808650e+002  -4.0000000000000000e+000   1.8701735769596792e+002
