  0.0000000000000000e+000   1.5000000000000000e+000  -4.0000000000000000e+000   1.5000000000000000e+000
  1.0000000000000023e-001   3.2234744867187222e+000  -3.9278808884972922e+000   1.9835767275953906e+000
  2.0000000000000046e-001   8.4954329437550040e+000  -3.6118411214161932e+000   4.5143952202513695e+000
  3.0000000000000071e-001   1.4676788065952099e+001  -3.0557762242362712e+000   9.9595147682752412e+000
  4.0000000000000091e-001   2.0898178334716874e+001  -2.2936264293048287e+000   1.6721024413422747e+001
  5.0000000000000111e-001   2.7055261815777818e+001  -1.3452938602085958e+000   2.3598624611323164e+001
  6.0000000000000131e-001   3.3054978722208375e+001  -2.2144936750307931e-001   3.0273302800002263e+001
  7.0000000000000151e-001   3.8841317666005601e+001   1.0704497825425481e+000   3.6675826410593956e+001
  8.0000000000000171e-001   4.4390587046570673e+001   2.5235363780670088e+000   4.2785716935506926e+001
  9.0000000000000191e-001   4.9697116583931020e+001   4.1309314818275773e+000   4.8589409734255334e+001
  1.0000000000000022e+000   5.4681928946806238e+001   8.3111784991759308e-001   5.3691293425323757e+001
  1.1000000000000025e+000   5.8963831118212823e+001  -1.9025420614062232e+000   5.7862146882360044e+001
  1.2000000000000028e+000   6.2603027803236309e+001  -3.1165007647290874e+000   6.1548436767268043e+001
  1.3000000000000032e+000   6.5741217980218721e+001  -3.6357300904423480e+000   6.4820032843351029e+001
  1.4000000000000035e+000   6.8461687790690320e+001  -3.8521892397005946e+000   6.7696403790581769e+001
  1.5000000000000038e+000   7.0808346678554173e+001  -3.9407718006778945e+000   7.0190996322606850e+001
  1.6000000000000041e+000   7.2805232431414680e+001  -3.9763719416904402e+000   7.2317360349740682e+001
  1.7000000000000044e+000   7.4467733470098835e+001  -3.9906841847849930e+000   7.4089200248330059e+001
  1.8000000000000047e+000   7.5807977366584780e+001  -3.9963290058999195e+000   7.5520255044170455e+001
  1.9000000000000050e+000   7.6837371959249694e+001  -3.9985848952181606e+000   7.6624586698702316e+001
  2.0000000000000053e+000   7.7567487555897642e+001  -3.9994494946978096e+000   7.7416371216944171e+001
  2.1000000000000054e+000   7.8011985210322081e+001  -3.9997877431447142e+000   7.7911438574966951e+001
  2.2000000000000055e+000   7.8188726261864289e+001  -3.9999185029573296e+000   7.8129123251314567e+001
  2.3000000000000056e+000   7.8131389271751303e+001  -3.9999688813584080e+000   7.8099467315606333e+001
  2.4000000000000057e+000   7.8017363593089840e+001  -3.9999885953194787e+000   7.7985448026274057e+001
  2.5000000000000058e+000   7.7903422177759055e+001  -3.9999961426518342e+000   7.7871548515486538e+001
  2.6000000000000059e+000   7.7789580786985198e+001  -3.9999986421982494e+000   7.7757737219480148e+001
  2.7000000000000060e+000   7.7675837005422764e+001  -3.9999988441410101e+000   7.7644020169925128e+001
  2.8000000000000060e+000   7.7562190118980979e+001  -3.9999990120664730e+000   7.7530399545059851e+001
  2.9000000000000061e+000   7.7448639555164192e+001  -3.9999993999801897e+000   7.7416876675094699e+001
  3.0000000000000062e+000   7.7335185694728381e+001  -3.9999997495885866e+000   7.7303450727260994e+001
  3.1000000000000063e+000   7.7221828680004677e+001  -3.9999999269146578e+000   7.7190121402156592e+001
  3.2000000000000064e+000   7.7108568305498324e+001  -3.9999999978648089e+000   7.7076889189429281e+001
  3.3000000000000065e+000   7.6995404835845235e+001  -3.9999999992742459e+000   7.6963753555389744e+001
  3.4000000000000066e+000   7.6882338174116100e+001  -3.9999999996918718e+000   7.6850714752706494e+001
  3.5000000000000067e+000   7.6769368328790065e+001  -3.9999999997644409e+000   7.6737772792365377e+001
  3.6000000000000068e+000   7.6656495318791471e+001  -3.9999999998250031e+000   7.6624927665855537e+001
  3.7000000000000068e+000   7.6543719155908192e+001  -3.9999999999023652e+000   7.6512179378276073e+001
  3.8000000000000069e+000   7.6431039847431094e+001  -3.9999999999595364e+000   7.6399527943742058e+001
  3.9000000000000070e+000   7.6318457402524785e+001  -3.9999999999888440e+000   7.6286973372462995e+001
  4.0000000000000071e+000   7.6205971830758557e+001  -4.0000000000000000e+000   7.6174515673925711e+001
  4.1000000000000076e+000   7.6093583142111640e+001  -4.0000000000000000e+000   7.6062154857763218e+001
  4.2000000000000082e+000   7.5981291345770444e+001  -4.0000000000000000e+000   7.5949890933285673e+001
  4.3000000000000087e+000   7.5869096450089700e+001  -4.0000000000000000e+000   7.5837723908875745e+001
  4.4000000000000092e+000   7.5756998465193021e+001  -4.0000000000000000e+000   7.5725653794608789e+001
  4.5000000000000098e+000   7.5644997400726950e+001  -4.0000000000000000e+000   7.5613680600112332e+001
  4.6000000000000103e+000   7.5533093266111266e+001  -4.0000000000000000e+000   7.5501804334807346e+001
  4.7000000000000108e+000   7.5425224626471532e+001  -4.0000000000000000e+000   7.5392384981387565e+001
  4.8000000000000114e+000   7.5340570813984570e+001  -4.0000000000000000e+000   7.5304547492359163e+001
  4.9000000000000119e+000   7.5284392494636535e+001  -4.0000000000000000e+000   7.5244183899052402e+001
  5.0000000000000124e+000   7.5260004507733456e+001  -4.0000000000000000e+000   7.5215487116792815e+001
  5.1000000000000130e+000   7.5265561187739763e+001  -4.0000000000000000e+000   7.5217066506100338e+001
  5.2000000000000135e+000   7.5296383803006080e+001  -4.0000000000000000e+000   7.5244653616453462e+001
  5.3000000000000140e+000   7.5345819484611113e+001  -4.0000000000000000e+000   7.5291815957496297e+001
  5.4000000000000146e+000   7.5406218544200215e+001  -4.0000000000000000e+000   7.5351033858809004e+001
  5.5000000000000151e+000   7.5469881069251826e+001  -4.0000000000000000e+000   7.5414586217454101e+001
  5.6000000000000156e+000   7.5529867889104196e+001  -4.0000000000000000e+000   7.5475394437425877e+001
  5.7000000000000162e+000   7.5580608126974241e+001  -4.0000000000000000e+000   7.5527665158638854e+001
  5.8000000000000167e+000   7.5618279720216677e+001  -4.0000000000000000e+000   7.5567311294140907e+001
  5.9000000000000172e+000   7.5640922596316088e+001  -4.0000000000000000e+000   7.5592100303099627e+001
  6.0000000000000178e+000   7.5648389956669959e+001  -4.0000000000000000e+000   7.5601639026467581e+001
  6.1000000000000183e+000   7.5642127566343433e+001  -4.0000000000000000e+000   7.5597167293721412e+001
  6.2000000000000188e+000   7.5624806729307920e+001  -4.0000000000000000e+000   7.5581217167890898e+001
  6.3000000000000194e+000   7.5599866778006529e+001  -4.0000000000000000e+000   7.5557143179391161e+001
  6.4000000000000199e+000   7.5571106792858814e+001  -4.0000000000000000e+000   7.5528725082546586e+001
  6.5000000000000204e+000   7.5542220620812259e+001  -4.0000000000000000e+000   7.5499693163976971e+001
  6.6000000000000210e+000   7.5516407690967313e+001  -4.0000000000000000e+000   7.5473328873108358e+001
  6.7000000000000215e+000   7.5496097609202238e+001  -4.0000000000000000e+000   7.5452175772986223e+001
  6.8000000000000220e+000   7.5482780075375288e+001  -4.0000000000000000e+000   7.5437854709982190e+001
  6.9000000000000226e+000   7.5476962047647504e+001  -4.0000000000000000e+000   7.5431004480799785e+001
  7.0000000000000231e+000   7.5478253028891203e+001  -4.0000000000000000e+000   7.5431353367781810e+001
  7.1000000000000236e+000   7.5485523428001585e+001  -4.0000000000000000e+000   7.5437865365369760e+001
  7.2000000000000242e+000   7.5497124728980353e+001  -4.0000000000000000e+000   7.5448951936746383e+001
  7.3000000000000247e+000   7.5511167678491731e+001  -4.0000000000000000e+000   7.5462748133512875e+001
  7.4000000000000252e+000   7.5525748174572755e+001  -4.0000000000000000e+000   7.5477339796844944e+001
  7.5000000000000258e+000   7.5539176928385331e+001  -4.0000000000000000e+000   7.5490998894834775e+001
  7.6000000000000263e+000   7.5550150074810176e+001  -4.0000000000000000e+000   7.5502363208507262e+001
  7.7000000000000268e+000   7.5557827686184822e+001  -4.0000000000000000e+000   7.5510524337724149e+001
  7.8000000000000274e+000   7.5561868528193884e+001  -4.0000000000000000e+000   7.5515071706418823e+001
  7.9000000000000279e+000   7.5562402185334435e+001  -4.0000000000000000e+000   7.5516073381628715e+001
  8.0000000000000284e+000   7.5559945783840931e+001  -4.0000000000000000e+000   7.5513998160517829e+001
  8.1000000000000281e+000   7.5555271725000793e+001  -4.0000000000000000e+000   7.5509587448140167e+001
  8.2000000000000277e+000   7.5549306217198321e+001  -4.0000000000000000e+000   7.5503753568361446e+001
  8.3000000000000274e+000   7.5543000984802205e+001  -4.0000000000000000e+000   7.5497451849017722e+001
  8.4000000000000270e+000   7.5537205105470406e+001  -4.0000000000000000e+000   7.5491549920889938e+001
  8.5000000000000266e+000   7.5532579228977539e+001  -4.0000000000000000e+000   7.5486737034589424e+001
  8.6000000000000263e+000   7.5529549813757711e+001  -4.0000000000000000e+000   7.5483473795746875e+001
  8.7000000000000259e+000   7.5528288248867852e+001  -4.0000000000000000e+000   7.5481966605491863e+001
  8.8000000000000256e+000   7.5528725650832456e+001  -4.0000000000000000e+000   7.5482178086644808e+001
  8.9000000000000252e+000   7.5530596459226544e+001  -4.0000000000000000e+000   7.5483867260384926e+001
  9.0000000000000249e+000   7.5533501186733503e+001  -4.0000000000000000e+000   7.5486650182662501e+001
  9.1000000000000245e+000   7.5536973494423862e+001  -4.0000000000000000e+000   7.5490066496360825e+001
  9.2000000000000242e+000   7.5540546959778766e+001  -4.0000000000000000e+000   7.5493646850503254e+001
  9.3000000000000238e+000   7.5543810822822294e+001  -4.0000000000000000e+000   7.5496969839223638e+001
  9.4000000000000234e+000   7.5546466565667941e+001  -4.0000000000000000e+000   7.5499722148043361e+001
  9.5000000000000231e+000   7.5548323067270218e+001  -4.0000000000000000e+000   7.5501694723667967e+001
  9.6000000000000227e+000   7.5549322466894395e+001  -4.0000000000000000e+000   7.5502812189876551e+001
  9.7000000000000224e+000   7.5549521788596678e+001  -4.0000000000000000e+000   7.5503116339442826e+001
  9.8000000000000220e+000   7.5549072174847169e+001  -4.0000000000000000e+000   7.5502746749902116e+001
  9.9000000000000217e+000   7.5548186915778615e+001  -4.0000000000000000e+000   7.5501909871449087e+001
  1.0000000000000000e+001   7.5547106105369096e+001  -4.0000000000000000e+000   7.5500843854985675e+001
