  0.0000000000000000e+000   1.5000000000000000e+000  -4.0000000000000000e+000   1.5000000000000000e+000
  1.0000000000000023e-001   9.4461798804079500e+000  -3.9278808532892087e+000   2.8271842590898921e+000
  2.0000000000000046e-001   2.6330524752195341e+001  -3.6118414504226681e+000   1.0879936918612819e+001
  3.0000000000000071e-001   4.1509311389678764e+001  -3.0557735687996352e+000   2.4060537870570737e+001
  4.0000000000000091e-001   5.6143650357305177e+001  -2.2936228148948210e+000   3.8603766489328656e+001
  5.0000000000000111e-001   7.0069733354952788e+001  -1.3452961629233942e+000   5.3397121708810850e+001
  6.0000000000000131e-001   8.3409741207484203e+001  -2.2145909153610210e-001   6.8058016296050468e+001
  7.0000000000000151e-001   9.6146152034657149e+001  -1.8439770514004281e+000   8.2069630226915180e+001
  8.0000000000000171e-001   1.0815208904240120e+002  -2.9801761872909762e+000   9.5100127710305344e+001
  9.0000000000000191e-001   1.1932021601736989e+002  -3.5325836491948115e+000   1.0737209553387797e+002
  1.0000000000000022e+000   1.2956919738881246e+002  -3.7909343395539006e+000   1.1890641317392068e+002
  1.1000000000000025e+000   1.3880713929669051e+002  -3.9093814617913920e+000   1.2962119906617943e+002
  1.2000000000000028e+000   1.4692754397083658e+002  -3.9616863430845339e+000   1.3938106903373159e+002
  1.3000000000000032e+000   1.5382891067374052e+002  -3.9842300208804420e+000   1.4801795978108140e+002
  1.4000000000000035e+000   1.5945836020237249e+002  -3.9936256282142364e+000   1.5535550793822966e+002
  1.5000000000000038e+000   1.6385979044616994e+002  -3.9974390983536492e+000   1.6125590420815729e+002
  1.6000000000000041e+000   1.6718889090939754e+002  -3.9989789525265893e+000   1.6569572198043912e+002
  1.7000000000000044e+000   1.6966688920505158e+002  -3.9995979005699764e+000   1.6883510714346519e+002
  1.8000000000000047e+000   1.7151009058357465e+002  -3.9998430018143583e+000   1.7100229677177620e+002
  1.9000000000000050e+000   1.7290680082584734e+002  -3.9999393476969849e+000   1.7254951178794647e+002
  2.0000000000000053e+000   1.7401482030954233e+002  -3.9999764304050718e+000   1.7373017896193360e+002
  2.1000000000000054e+000   1.7495139726492008e+002  -3.9999907794028760e+000   1.7470334452723375e+002
  2.2000000000000055e+000   1.7579196379168653e+002  -3.9999963850940805e+000   1.7556254534534796e+002
  2.3000000000000056e+000   1.7658094819008753e+002  -3.9999987335931260e+000   1.7636118693752496e+002
  2.4000000000000057e+000   1.7734132290123691e+002  -3.9999995265161981e+000   1.7712651368467752e+002
  2.5000000000000058e+000   1.7808456651145764e+002  -3.9999998052604111e+000   1.7787281134892910e+002
  2.6000000000000059e+000   1.7881765129517223e+002  -3.9999999274763134e+000   1.7860750154995770e+002
  2.7000000000000060e+000   1.7954386112510937e+002  -3.9999999719548915e+000   1.7933478905779722e+002
  2.8000000000000060e+000   1.8026511534088300e+002  -3.9999999886392010e+000   1.8005677623964368e+002
  2.9000000000000061e+000   1.8098250713430195e+002  -3.9999999947367475e+000   1.8077469704235929e+002
  3.0000000000000062e+000   1.8169677254651242e+002  -3.9999999973888740e+000   1.8148935771504489e+002
  3.1000000000000063e+000   1.8240841138492809e+002  -3.9999999987903085e+000   1.8220129643106125e+002
  3.2000000000000064e+000   1.8311778607063658e+002  -3.9999999997424136e+000   1.8291089923621504e+002
  3.3000000000000065e+000   1.8382518324464496e+002  -4.0000000000000000e+000   1.8361846806944695e+002
  3.4000000000000066e+000   1.8453083188797473e+002  -4.0000000000000000e+000   1.8432424172728935e+002
  3.5000000000000067e+000   1.8523490680928541e+002  -4.0000000000000000e+000   1.8502840497347810e+002
  3.6000000000000068e+000   1.8593754985126532e+002  -4.0000000000000000e+000   1.8573110544509643e+002
  3.7000000000000068e+000   1.8663890107583055e+002  -4.0000000000000000e+000   1.8643248908663426e+002
  3.8000000000000069e+000   1.8733907445385609e+002  -4.0000000000000000e+000   1.8713267428317798e+002
  3.9000000000000070e+000   1.8803816024273905e+002  -4.0000000000000000e+000   1.8783175431163230e+002
  4.0000000000000071e+000   1.8873623447773593e+002  -4.0000000000000000e+000   1.8852980764995363e+002
  4.1000000000000076e+000   1.8943336310840300e+002  -4.0000000000000000e+000   1.8922690237840041e+002
  4.2000000000000082e+000   1.9012960375745453e+002  -4.0000000000000000e+000   1.8992309795192213e+002
  4.3000000000000087e+000   1.9082471912268872e+002  -4.0000000000000000e+000   1.9061467940150638e+002
  4.4000000000000092e+000   1.9130522304324751e+002  -4.0000000000000000e+000   1.9078699280073454e+002
  4.5000000000000098e+000   1.9120327993471824e+002  -4.0000000000000000e+000   1.9014883342513986e+002
  4.6000000000000103e+000   1.9059234155083101e+002  -4.0000000000000000e+000   1.8905905614193287e+002
  4.7000000000000108e+000   1.8983139105169286e+002  -4.0000000000000000e+000   1.8832002976370629e+002
  4.8000000000000114e+000   1.8912015896812156e+002  -4.0000000000000000e+000   1.8769754267317771e+002
  4.9000000000000119e+000   1.8847618665237468e+002  -4.0000000000000000e+000   1.8714435448509767e+002
  5.0000000000000124e+000   1.8789900540450179e+002  -4.0000000000000000e+000   1.8665110086525374e+002
  5.1000000000000130e+000   1.8738549581266676e+002  -4.0000000000000000e+000   1.8621441556557380e+002
  5.2000000000000135e+000   1.8693236716012430e+002  -4.0000000000000000e+000   1.8583175649770737e+002
  5.3000000000000140e+000   1.8653653071079231e+002  -4.0000000000000000e+000   1.8550058225758698e+002
  5.4000000000000146e+000   1.8619507426412034e+002  -4.0000000000000000e+000   1.8521845294483677e+002
  5.5000000000000151e+000   1.8590520609173018e+002  -4.0000000000000000e+000   1.8498304587859360e+002
  5.6000000000000156e+000   1.8566432750882984e+002  -4.0000000000000000e+000   1.8479218685213976e+002
  5.7000000000000162e+000   1.8546982059352285e+002  -4.0000000000000000e+000   1.8464368179390783e+002
  5.8000000000000167e+000   1.8531941931084714e+002  -4.0000000000000000e+000   1.8453559561637144e+002
  5.9000000000000172e+000   1.8521099467651297e+002  -4.0000000000000000e+000   1.8446613341982237e+002
  6.0000000000000178e+000   1.8514232424414485e+002  -4.0000000000000000e+000   1.8443338116054946e+002
  6.1000000000000183e+000   1.8511136764369687e+002  -4.0000000000000000e+000   1.8443556690059927e+002
  6.2000000000000188e+000   1.8511619455314261e+002  -4.0000000000000000e+000   1.8447100098877385e+002
  6.3000000000000194e+000   1.8515496464756160e+002  -4.0000000000000000e+000   1.8453806646753077e+002
  6.4000000000000199e+000   1.8522602120992116e+002  -4.0000000000000000e+000   1.8463530249714987e+002
  6.5000000000000204e+000   1.8532791527489402e+002  -4.0000000000000000e+000   1.8476142918417059e+002
  6.6000000000000210e+000   1.8545892588440779e+002  -4.0000000000000000e+000   1.8491490917035833e+002
  6.7000000000000215e+000   1.8561756429348762e+002  -4.0000000000000000e+000   1.8509440355184398e+002
  6.8000000000000220e+000   1.8580245182067122e+002  -4.0000000000000000e+000   1.8529866177104876e+002
  6.9000000000000226e+000   1.8601225901012509e+002  -4.0000000000000000e+000   1.8552647457653015e+002
  7.0000000000000231e+000   1.8624569328301695e+002  -4.0000000000000000e+000   1.8577666305669013e+002
  7.1000000000000236e+000   1.8650165655296917e+002  -4.0000000000000000e+000   1.8604822552452697e+002
  7.2000000000000242e+000   1.8677898872348803e+002  -4.0000000000000000e+000   1.8634009738090225e+002
  7.3000000000000247e+000   1.8707658710298392e+002  -4.0000000000000000e+000   1.8665125906238723e+002
  7.4000000000000252e+000   1.8739344091761686e+002  -4.0000000000000000e+000   1.8698077455282538e+002
  7.5000000000000258e+000   1.8772857932864136e+002  -4.0000000000000000e+000   1.8732774188053853e+002
  7.6000000000000263e+000   1.8808107747998213e+002  -4.0000000000000000e+000   1.8769129945341581e+002
  7.7000000000000268e+000   1.8845005820924496e+002  -4.0000000000000000e+000   1.8807062759599484e+002
  7.8000000000000274e+000   1.8883470095185115e+002  -4.0000000000000000e+000   1.8846495712789246e+002
  7.9000000000000279e+000   1.8923420068506036e+002  -4.0000000000000000e+000   1.8887353276227921e+002
  8.0000000000000284e+000   1.8964777278536081e+002  -4.0000000000000000e+000   1.8929561528629856e+002
  8.1000000000000281e+000   1.9007479488534608e+002  -4.0000000000000000e+000   1.8973061688322565e+002
  8.2000000000000277e+000   1.9051447882274616e+002  -4.0000000000000000e+000   1.9017779121518652e+002
  8.3000000000000274e+000   1.9096496801170662e+002  -4.0000000000000000e+000   1.9062488784116644e+002
  8.4000000000000270e+000   1.9125088246099975e+002  -4.0000000000000000e+000   1.9066194202511761e+002
  8.5000000000000266e+000   1.9117377322144344e+002  -4.0000000000000000e+000   1.9028325862062226e+002
  8.6000000000000263e+000   1.9078889329246078e+002  -4.0000000000000000e+000   1.8955575227464263e+002
  8.7000000000000259e+000   1.9020639741538480e+002  -4.0000000000000000e+000   1.8890490107282355e+002
  8.8000000000000256e+000   1.8964283083798568e+002  -4.0000000000000000e+000   1.8841184906514351e+002
  8.9000000000000252e+000   1.8913893380761039e+002  -4.0000000000000000e+000   1.8798177911242757e+002
  9.0000000000000249e+000   1.8869445575658827e+002  -4.0000000000000000e+000   1.8760655098811768e+002
  9.1000000000000245e+000   1.8830693693159768e+002  -4.0000000000000000e+000   1.8728263334700901e+002
  9.2000000000000242e+000   1.8797339368816293e+002  -4.0000000000000000e+000   1.8700731558372175e+002
  9.3000000000000238e+000   1.8769104363317103e+002  -4.0000000000000000e+000   1.8677843764619917e+002
  9.4000000000000234e+000   1.8745726777753853e+002  -4.0000000000000000e+000   1.8659383303882896e+002
  9.5000000000000231e+000   1.8726959850218023e+002  -4.0000000000000000e+000   1.8645139262750692e+002
  9.6000000000000227e+000   1.8712569182200377e+002  -4.0000000000000000e+000   1.8634911089524974e+002
  9.7000000000000224e+000   1.8702333009377779e+002  -4.0000000000000000e+000   1.8628508836043869e+002
  9.8000000000000220e+000   1.8696037731691197e+002  -4.0000000000000000e+000   1.8625748852692146e+002
  9.9000000000000217e+000   1.8693481831627446e+002  -4.0000000000000000e+000   1.8626455436979305e+002
  1.0000000000000000e+001   1.8694471507029152e+002  -4.0000000000000000e+000   1.8630459747346549e+002
