  0.0000000000000000e+000   1.5000000000000000e+000  -4.0000000000000000e+000   1.5000000000000000e+000
  1.0000000000000023e-001   7.3838053356958167e+000  -3.9278808607506770e+000   2.5845737938778544e+000
  2.0000000000000046e-001   2.1221445776442600e+001  -3.6118413898441419e+000   9.1213136361437517e+000
  3.0000000000000071e-001   3.3993505692229405e+001  -3.0557710893721319e+000   2.0470068649898153e+001
  4.0000000000000091e-001   4.6348189130766947e+001  -2.2936175370795704e+000   3.3095914611600200e+001
  5.0000000000000111e-001   5.8199692923244655e+001  -1.3453078862817169e+000   4.5882774974829061e+001
  6.0000000000000131e-001   6.9616008113641143e+001  -2.2146286080982014e-001   5.8491155923698336e+001
  7.0000000000000151e-001   8.0612281129351459e+001   1.0704300371314348e+000   7.0793490337243867e+001
  8.0000000000000171e-001   9.1196748721641825e+001   2.5235234921563734e+000   8.2728720361165372e+001
  9.0000000000000191e-001   1.0137170555434564e+002   4.1309131171662923e+000   9.4259420421392846e+001
  1.0000000000000022e+000   1.1112562739111617e+002   2.3744856520350623e+000   1.0514136992736779e+002
  1.1000000000000025e+000   1.2022009772193660e+002  -1.2325619444370455e+000   1.1445564058663403e+002
  1.2000000000000028e+000   1.2846550930402555e+002  -2.8341710178566881e+000   1.2292598700064170e+002
  1.3000000000000032e+000   1.3589948760242453e+002  -3.5193487373987438e+000   1.3081947206893878e+002
  1.4000000000000035e+000   1.4258663570962133e+002  -3.8049860916226566e+000   1.3813531051075026e+002
  1.5000000000000038e+000   1.4857126205654140e+002  -3.9218133648208329e+000   1.4481986584898192e+002
  1.6000000000000041e+000   1.5388115884777858e+002  -3.9689510332435289e+000   1.5082627484854913e+002
  1.7000000000000044e+000   1.5854018758097376e+002  -3.9877322596226827e+000   1.5612896997583701e+002
  1.8000000000000047e+000   1.6257868262486579e+002  -3.9951076384269353e+000   1.6072902530923727e+002
  1.9000000000000050e+000   1.6603821057077499e+002  -3.9981012750635965e+000   1.6464405680890866e+002
  2.0000000000000053e+000   1.6897317705520834e+002  -3.9992591747867334e+000   1.6793238994133134e+002
  2.1000000000000054e+000   1.7144661585943933e+002  -3.9997019192044534e+000   1.7066373091133465e+002
  2.2000000000000055e+000   1.7352584138316394e+002  -3.9998834966088794e+000   1.7292351333381998e+002
  2.3000000000000056e+000   1.7527825848621927e+002  -3.9999618798731347e+000   1.7479966468878706e+002
  2.4000000000000057e+000   1.7676796459770256e+002  -3.9999858648623343e+000   1.7637387876402630e+002
  2.5000000000000058e+000   1.7805280019739482e+002  -3.9999946454850539e+000   1.7771648740881457e+002
  2.6000000000000059e+000   1.7918062670005276e+002  -3.9999979181298837e+000   1.7888388728327308e+002
  2.7000000000000060e+000   1.8019073360884863e+002  -3.9999991617760009e+000   1.7992143578250219e+002
  2.8000000000000060e+000   1.8111393532264316e+002  -3.9999996413895063e+000   1.8086368724546588e+002
  2.9000000000000061e+000   1.8197374323298266e+002  -3.9999998444336824e+000   1.8173679374927164e+002
  3.0000000000000062e+000   1.8278761623050542e+002  -3.9999999376854949e+000   1.8255997137699100e+002
  3.1000000000000063e+000   1.8356865481398725e+002  -3.9999999903894707e+000   1.8334754317402150e+002
  3.2000000000000064e+000   1.8432532612202994e+002  -4.0000000000000000e+000   1.8410892620910369e+002
  3.3000000000000065e+000   1.8506389416225559e+002  -4.0000000000000000e+000   1.8485083468367347e+002
  3.4000000000000066e+000   1.8578894600146680e+002  -4.0000000000000000e+000   1.8557830966954717e+002
  3.5000000000000067e+000   1.8650390853527836e+002  -4.0000000000000000e+000   1.8629505665368316e+002
  3.6000000000000068e+000   1.8721101558348136e+002  -4.0000000000000000e+000   1.8700349647241026e+002
  3.7000000000000068e+000   1.8791192755963769e+002  -4.0000000000000000e+000   1.8770542596045746e+002
  3.8000000000000069e+000   1.8860780741207171e+002  -4.0000000000000000e+000   1.8840209983359011e+002
  3.9000000000000070e+000   1.8929948038505589e+002  -4.0000000000000000e+000   1.8909440612732467e+002
  4.0000000000000071e+000   1.8998757398275410e+002  -4.0000000000000000e+000   1.8978301706199656e+002
  4.1000000000000076e+000   1.9067247313111636e+002  -4.0000000000000000e+000   1.9046834783039009e+002
  4.2000000000000082e+000   1.9123730334279654e+002  -4.0000000000000000e+000   1.9082597613710570e+002
  4.3000000000000087e+000   1.9123385962992742e+002  -4.0000000000000000e+000   1.9027271425392908e+002
  4.4000000000000092e+000   1.9064141348000072e+002  -4.0000000000000000e+000   1.8910417111937085e+002
  4.5000000000000098e+000   1.8984469565565414e+002  -4.0000000000000000e+000   1.8830171831344265e+002
  4.6000000000000103e+000   1.8909149898338339e+002  -4.0000000000000000e+000   1.8763784442751739e+002
  4.7000000000000108e+000   1.8840889561357210e+002  -4.0000000000000000e+000   1.8704737270401282e+002
  4.8000000000000114e+000   1.8779691986095344e+002  -4.0000000000000000e+000   1.8652066320323240e+002
  4.9000000000000119e+000   1.8725248491853884e+002  -4.0000000000000000e+000   1.8605421796264847e+002
  5.0000000000000124e+000   1.8677206358289442e+002  -4.0000000000000000e+000   1.8564537478158533e+002
  5.1000000000000130e+000   1.8635225952718076e+002  -4.0000000000000000e+000   1.8529133453300958e+002
  5.2000000000000135e+000   1.8598978970011316e+002  -4.0000000000000000e+000   1.8498932244776810e+002
  5.3000000000000140e+000   1.8568150403840511e+002  -4.0000000000000000e+000   1.8473666659440138e+002
  5.4000000000000146e+000   1.8542436586110674e+002  -4.0000000000000000e+000   1.8453076931181897e+002
  5.5000000000000151e+000   1.8521552735246277e+002  -4.0000000000000000e+000   1.8436916187955649e+002
  5.6000000000000156e+000   1.8505216887930055e+002  -4.0000000000000000e+000   1.8424938226583052e+002
  5.7000000000000162e+000   1.8493190940397224e+002  -4.0000000000000000e+000   1.8416934670483531e+002
  5.8000000000000167e+000   1.8485257381659090e+002  -4.0000000000000000e+000   1.8412715318680435e+002
  5.9000000000000172e+000   1.8481178914222986e+002  -4.0000000000000000e+000   1.8412070717204847e+002
  6.0000000000000178e+000   1.8480727639738484e+002  -4.0000000000000000e+000   1.8414797531811618e+002
  6.1000000000000183e+000   1.8483705086494348e+002  -4.0000000000000000e+000   1.8420716789059978e+002
  6.2000000000000188e+000   1.8489943300592196e+002  -4.0000000000000000e+000   1.8429679778665619e+002
  6.3000000000000194e+000   1.8499260617612396e+002  -4.0000000000000000e+000   1.8441523735147905e+002
  6.4000000000000199e+000   1.8511486888108232e+002  -4.0000000000000000e+000   1.8456094693533080e+002
  6.5000000000000204e+000   1.8526468683806542e+002  -4.0000000000000000e+000   1.8473253814598013e+002
  6.6000000000000210e+000   1.8544059244757281e+002  -4.0000000000000000e+000   1.8492867897971911e+002
  6.7000000000000215e+000   1.8564119628459125e+002  -4.0000000000000000e+000   1.8514810535931497e+002
  6.8000000000000220e+000   1.8586513710875266e+002  -4.0000000000000000e+000   1.8538957123225114e+002
  6.9000000000000226e+000   1.8611125395206693e+002  -4.0000000000000000e+000   1.8565201292766099e+002
  7.0000000000000231e+000   1.8637840541693271e+002  -4.0000000000000000e+000   1.8593438473172731e+002
  7.1000000000000236e+000   1.8666543249699055e+002  -4.0000000000000000e+000   1.8623561608302506e+002
  7.2000000000000242e+000   1.8697129825607368e+002  -4.0000000000000000e+000   1.8655474673619773e+002
  7.3000000000000247e+000   1.8729500862494294e+002  -4.0000000000000000e+000   1.8689085468513304e+002
  7.4000000000000252e+000   1.8763562081078763e+002  -4.0000000000000000e+000   1.8724306276898952e+002
  7.5000000000000258e+000   1.8799224081804365e+002  -4.0000000000000000e+000   1.8761053699614351e+002
  7.6000000000000263e+000   1.8836402463835378e+002  -4.0000000000000000e+000   1.8799248782861559e+002
  7.7000000000000268e+000   1.8875016754849310e+002  -4.0000000000000000e+000   1.8838816101820686e+002
  7.8000000000000274e+000   1.8914987014041031e+002  -4.0000000000000000e+000   1.8879680603241866e+002
  7.9000000000000279e+000   1.8956242090114640e+002  -4.0000000000000000e+000   1.8921774958399325e+002
  8.0000000000000284e+000   1.8998715803598742e+002  -4.0000000000000000e+000   1.8965036996244748e+002
  8.1000000000000281e+000   1.9042338856315351e+002  -4.0000000000000000e+000   1.9009401048261759e+002
  8.2000000000000277e+000   1.9087050048486910e+002  -4.0000000000000000e+000   1.9054743331505259e+002
  8.3000000000000274e+000   1.9121422464693867e+002  -4.0000000000000000e+000   1.9069695917250871e+002
  8.4000000000000270e+000   1.9117883588509346e+002  -4.0000000000000000e+000   1.9031538029099747e+002
  8.5000000000000266e+000   1.9076723050067596e+002  -4.0000000000000000e+000   1.8948855737226808e+002
  8.6000000000000263e+000   1.9013353172563308e+002  -4.0000000000000000e+000   1.8879403865606949e+002
  8.7000000000000259e+000   1.8952415074391266e+002  -4.0000000000000000e+000   1.8825592958294476e+002
  8.8000000000000256e+000   1.8897759298204662e+002  -4.0000000000000000e+000   1.8778556601032682e+002
  8.9000000000000252e+000   1.8849428782710646e+002  -4.0000000000000000e+000   1.8737360491966308e+002
  9.0000000000000249e+000   1.8807161680049251e+002  -4.0000000000000000e+000   1.8701610830260393e+002
  9.1000000000000245e+000   1.8770634098182421e+002  -4.0000000000000000e+000   1.8671073743775978e+002
  9.2000000000000242e+000   1.8739540020324984e+002  -4.0000000000000000e+000   1.8645494258610751e+002
  9.3000000000000238e+000   1.8713586499608698e+002  -4.0000000000000000e+000   1.8624617886674332e+002
  9.4000000000000234e+000   1.8692491263033642e+002  -4.0000000000000000e+000   1.8608201300292359e+002
  9.5000000000000231e+000   1.8675979371309333e+002  -4.0000000000000000e+000   1.8596005764619727e+002
  9.6000000000000227e+000   1.8663791191290244e+002  -4.0000000000000000e+000   1.8587803338634498e+002
  9.7000000000000224e+000   1.8655709042995818e+002  -4.0000000000000000e+000   1.8583402968463426e+002
  9.8000000000000220e+000   1.8651501263119326e+002  -4.0000000000000000e+000   1.8582600038844814e+002
  9.9000000000000217e+000   1.8650939229488068e+002  -4.0000000000000000e+000   1.8585190082907391e+002
  1.0000000000000000e+001   1.8653822055286764e+002  -4.0000000000000000e+000   1.8590992285356603e+002
