  0.0000000000000000e+000   1.5000000000000000e+000  -4.0000000000000000e+000   1.5000000000000000e+000
  1.0000000000000023e-001   5.2746933551530626e+000  -3.9278808713295810e+000   2.3116520993344687e+000
  2.0000000000000046e-001   1.5389477890987225e+001  -3.6118415241428066e+000   7.0399240901533693e+000
  3.0000000000000071e-001   2.5328219662447193e+001  -3.0557740389821615e+000   1.6006100612961561e+001
  4.0000000000000091e-001   3.5002282610190925e+001  -2.2936230896941368e+000   2.6218603587738873e+001
  5.0000000000000111e-001   4.4378432465921811e+001  -1.3452966748117294e+000   3.6515913332250314e+001
  6.0000000000000131e-001   5.3453155512701940e+001  -2.2145554620556229e-001   4.6594158788236932e+001
  7.0000000000000151e-001   6.2207746307579725e+001  -1.3458693357794114e+000   5.6163616860486840e+001
  8.0000000000000171e-001   7.0504370195366945e+001  -2.7446453739737917e+000   6.4848577729583184e+001
  9.0000000000000191e-001   7.8270467821564409e+001  -3.4244710426280163e+000   7.2979461562638264e+001
  1.0000000000000022e+000   8.5527872574757922e+001  -3.7425352461056653e+000   8.0662584504153841e+001
  1.1000000000000025e+000   9.2312318123300770e+001  -3.8881891444901968e+000   8.7912284314935803e+001
  1.2000000000000028e+000   9.8652251276979129e+001  -3.9529217663870955e+000   9.4724165501884684e+001
  1.3000000000000032e+000   1.0456795574612200e+002  -3.9806553995425848e+000   1.0109576641726969e+002
  1.4000000000000035e+000   1.1007474439270594e+002  -3.9922039708965538e+000   1.0702977859264281e+002
  1.5000000000000038e+000   1.1518582998660024e+002  -3.9969167052042187e+000   1.1253346218094934e+002
  1.6000000000000041e+000   1.1991415187765524e+002  -3.9988035869231497e+000   1.1761752504817971e+002
  1.7000000000000044e+000   1.2427331005032977e+002  -3.9995625523008291e+000   1.2229528708482638e+002
  1.8000000000000047e+000   1.2827790973978981e+002  -3.9998408616552452e+000   1.2658219023156285e+002
  1.9000000000000050e+000   1.3194357933978014e+002  -3.9999493847139531e+000   1.3049538012085100e+002
  2.0000000000000053e+000   1.3528680994343387e+002  -3.9999994350364401e+000   1.3405344519580490e+002
  2.1000000000000054e+000   1.3832512436529063e+002  -4.0000000000000000e+000   1.3727649093031050e+002
  2.2000000000000055e+000   1.4107545818776120e+002  -4.0000000000000000e+000   1.4018424373114817e+002
  2.3000000000000056e+000   1.4355476761344369e+002  -4.0000000000000000e+000   1.4279686576102017e+002
  2.4000000000000057e+000   1.4578057485997959e+002  -4.0000000000000000e+000   1.4513509143752253e+002
  2.5000000000000058e+000   1.4776925787136381e+002  -4.0000000000000000e+000   1.4721834900980210e+002
  2.6000000000000059e+000   1.4953642553286522e+002  -4.0000000000000000e+000   1.4906514416491680e+002
  2.7000000000000060e+000   1.5109666376196998e+002  -4.0000000000000000e+000   1.5069263736609443e+002
  2.8000000000000060e+000   1.5246353045059774e+002  -4.0000000000000000e+000   1.5211660603373923e+002
  2.9000000000000061e+000   1.5364930255940857e+002  -4.0000000000000000e+000   1.5335117291460560e+002
  3.0000000000000062e+000   1.5466508400670591e+002  -4.0000000000000000e+000   1.5440899652889505e+002
  3.1000000000000063e+000   1.5552088399450267e+002  -4.0000000000000000e+000   1.5530130362190556e+002
  3.2000000000000064e+000   1.5622569451615954e+002  -4.0000000000000000e+000   1.5603807127799124e+002
  3.3000000000000065e+000   1.5678745638838620e+002  -4.0000000000000000e+000   1.5662799391923804e+002
  3.4000000000000066e+000   1.5721349393753800e+002  -4.0000000000000000e+000   1.5707899748958258e+002
  3.5000000000000067e+000   1.5751069737197400e+002  -4.0000000000000000e+000   1.5739842272764375e+002
  3.6000000000000068e+000   1.5768585294117793e+002  -4.0000000000000000e+000   1.5759337324262881e+002
  3.7000000000000068e+000   1.5774594658251684e+002  -4.0000000000000000e+000   1.5767106246979040e+002
  3.8000000000000069e+000   1.5769849284508069e+002  -4.0000000000000000e+000   1.5763915822673872e+002
  3.9000000000000070e+000   1.5755562657707742e+002  -4.0000000000000000e+000   1.5750803818085191e+002
  4.0000000000000071e+000   1.5738867814336012e+002  -4.0000000000000000e+000   1.5734103912008777e+002
  4.1000000000000076e+000   1.5722179808666934e+002  -4.0000000000000000e+000   1.5717418015657228e+002
  4.2000000000000082e+000   1.5705500549117747e+002  -4.0000000000000000e+000   1.5700742051320140e+002
  4.3000000000000087e+000   1.5688830556243516e+002  -4.0000000000000000e+000   1.5684074904485360e+002
  4.4000000000000092e+000   1.5672169707168075e+002  -4.0000000000000000e+000   1.5667416852501191e+002
  4.5000000000000098e+000   1.5655517984162267e+002  -4.0000000000000000e+000   1.5650767919373180e+002
  4.6000000000000103e+000   1.5638875388887070e+002  -4.0000000000000000e+000   1.5634128117559169e+002
  4.7000000000000108e+000   1.5622241921521595e+002  -4.0000000000000000e+000   1.5617497442681648e+002
  4.8000000000000114e+000   1.5605617582716215e+002  -4.0000000000000000e+000   1.5600875896167952e+002
  4.9000000000000119e+000   1.5589002373458021e+002  -4.0000000000000000e+000   1.5584263479072467e+002
  5.0000000000000124e+000   1.5572396294526786e+002  -4.0000000000000000e+000   1.5567660193431840e+002
  5.1000000000000130e+000   1.5555799346835721e+002  -4.0000000000000000e+000   1.5551066037272528e+002
  5.2000000000000135e+000   1.5539211531101699e+002  -4.0000000000000000e+000   1.5534481013461473e+002
  5.3000000000000140e+000   1.5522632848143760e+002  -4.0000000000000000e+000   1.5517905122655213e+002
  5.4000000000000146e+000   1.5506063298780455e+002  -4.0000000000000000e+000   1.5501338365416990e+002
  5.5000000000000151e+000   1.5489502883819003e+002  -4.0000000000000000e+000   1.5484780742546221e+002
  5.6000000000000156e+000   1.5472951604090341e+002  -4.0000000000000000e+000   1.5468232254880786e+002
  5.7000000000000162e+000   1.5456409460416069e+002  -4.0000000000000000e+000   1.5451692903240539e+002
  5.8000000000000167e+000   1.5439876453482890e+002  -4.0000000000000000e+000   1.5435162688312315e+002
  5.9000000000000172e+000   1.5423352584131791e+002  -4.0000000000000000e+000   1.5418641610937300e+002
  6.0000000000000178e+000   1.5406837853216481e+002  -4.0000000000000000e+000   1.5402129671969374e+002
  6.1000000000000183e+000   1.5391113932038328e+002  -4.0000000000000000e+000   1.5386146391500614e+002
  6.2000000000000188e+000   1.5376176125996795e+002  -4.0000000000000000e+000   1.5371188261765079e+002
  6.3000000000000194e+000   1.5362958702468794e+002  -4.0000000000000000e+000   1.5357697537160030e+002
  6.4000000000000199e+000   1.5351976072470674e+002  -4.0000000000000000e+000   1.5346384661070672e+002
  6.5000000000000204e+000   1.5343520951276702e+002  -4.0000000000000000e+000   1.5337560105823647e+002
  6.6000000000000210e+000   1.5337749555675904e+002  -4.0000000000000000e+000   1.5331398699234063e+002
  6.7000000000000215e+000   1.5334682233792586e+002  -4.0000000000000000e+000   1.5327939751730298e+002
  6.8000000000000220e+000   1.5334210373279811e+002  -4.0000000000000000e+000   1.5327093149123351e+002
  6.9000000000000226e+000   1.5336109414188255e+002  -4.0000000000000000e+000   1.5328651223922290e+002
  7.0000000000000231e+000   1.5340066907539182e+002  -4.0000000000000000e+000   1.5332315636123388e+002
  7.1000000000000236e+000   1.5345695558234536e+002  -4.0000000000000000e+000   1.5337710029943284e+002
  7.2000000000000242e+000   1.5352565990004024e+002  -4.0000000000000000e+000   1.5344411811393800e+002
  7.3000000000000247e+000   1.5360230563918972e+002  -4.0000000000000000e+000   1.5351976032530837e+002
  7.4000000000000252e+000   1.5368247057897506e+002  -4.0000000000000000e+000   1.5359959177889164e+002
  7.5000000000000258e+000   1.5376200177859596e+002  -4.0000000000000000e+000   1.5367941060087287e+002
  7.6000000000000263e+000   1.5383719931584744e+002  -4.0000000000000000e+000   1.5375543893907758e+002
  7.7000000000000268e+000   1.5390494568032668e+002  -4.0000000000000000e+000   1.5382446024638375e+002
  7.8000000000000274e+000   1.5396281392930416e+002  -4.0000000000000000e+000   1.5388393596753463e+002
  7.9000000000000279e+000   1.5400910526414231e+002  -4.0000000000000000e+000   1.5393205036933176e+002
  8.0000000000000284e+000   1.5404285062710201e+002  -4.0000000000000000e+000   1.5396771903956889e+002
  8.1000000000000281e+000   1.5406379955834660e+002  -4.0000000000000000e+000   1.5399058301170169e+002
  8.2000000000000277e+000   1.5407237297970934e+002  -4.0000000000000000e+000   1.5400096715840485e+002
  8.3000000000000274e+000   1.5406958669806323e+002  -4.0000000000000000e+000   1.5399980627849433e+002
  8.4000000000000270e+000   1.5405694461620521e+002  -4.0000000000000000e+000   1.5398854005233167e+002
  8.5000000000000266e+000   1.5403630266031789e+002  -4.0000000000000000e+000   1.5396897951688538e+002
  8.6000000000000263e+000   1.5400973354614311e+002  -4.0000000000000000e+000   1.5394317209658888e+002
  8.7000000000000259e+000   1.5397948032860725e+002  -4.0000000000000000e+000   1.5391335016650959e+002
  8.8000000000000256e+000   1.5394774589483680e+002  -4.0000000000000000e+000   1.5388173173570360e+002
  8.9000000000000252e+000   1.5391659652661926e+002  -4.0000000000000000e+000   1.5385039814689463e+002
  9.0000000000000249e+000   1.5388786037338522e+002  -4.0000000000000000e+000   1.5382122944397341e+002
  9.1000000000000245e+000   1.5386304731605003e+002  -4.0000000000000000e+000   1.5379577932512848e+002
  9.2000000000000242e+000   1.5384328700982536e+002  -4.0000000000000000e+000   1.5377523214605432e+002
  9.3000000000000238e+000   1.5382929672359941e+002  -4.0000000000000000e+000   1.5376036578096793e+002
  9.4000000000000234e+000   1.5382137717432519e+002  -4.0000000000000000e+000   1.5375154587378029e+002
  9.5000000000000231e+000   1.5381942717802968e+002  -4.0000000000000000e+000   1.5374872716599884e+002
  9.6000000000000227e+000   1.5382299360867816e+002  -4.0000000000000000e+000   1.5375150477149603e+002
  9.7000000000000224e+000   1.5383132865062419e+002  -4.0000000000000000e+000   1.5375916591899511e+002
  9.8000000000000220e+000   1.5384350668029688e+002  -4.0000000000000000e+000   1.5377082245117737e+002
  9.9000000000000217e+000   1.5385842783612330e+002  -4.0000000000000000e+000   1.5378538898325300e+002
  1.0000000000000000e+001   1.5387494457584111e+002  -4.0000000000000000e+000   1.5380172261201653e+002
