  0.0000000000000000e+000   1.5000000000000000e+000  -4.0000000000000000e+000   1.5000000000000000e+000
  1.0000000000000023e-001   3.2234744867187222e+000  -3.9278808884972922e+000   1.9835767275953906e+000
  2.0000000000000046e-001   8.4954329437550040e+000  -3.6118411214161932e+000   4.5143952202513695e+000
  3.0000000000000071e-001   1.4676788065952099e+001  -3.0557762242362712e+000   9.9595147682752412e+000
  4.0000000000000091e-001   2.0898178334716874e+001  -2.2936264293048287e+000   1.6721024413422747e+001
  5.0000000000000111e-001   2.7055261815777818e+001  -1.3452938602085958e+000   2.3598624611323164e+001
  6.0000000000000131e-001   3.3054978722208375e+001  -2.2144936750307931e-001   3.0273302800002263e+001
  7.0000000000000151e-001   3.8841317666005601e+001   1.0704497825425481e+000   3.6675826410593956e+001
  8.0000000000000171e-001   4.4390587046570673e+001   2.5235363780670088e+000   4.2785716935506926e+001
  9.0000000000000191e-001   4.9697116583931020e+001   4.1309314818275773e+000   4.8589409734255334e+001
  1.0000000000000022e+000   5.4763178352688790e+001   5.8856360406115016e+000   5.4073194930812434e+001
  1.1000000000000025e+000   5.9589542389068690e+001   7.6667079603185240e+000   5.9217487695319861e+001
  1.2000000000000028e+000   6.4155823619165076e+001   9.3607481953063871e+000   6.4001083217082808e+001
  1.3000000000000032e+000   6.8425556883511717e+001   1.0972127345837233e+001   6.8416880246928656e+001
  1.4000000000000035e+000   7.2244457932948890e+001   6.0001688641680744e+000   7.2187966983795604e+001
  1.5000000000000038e+000   7.4903151513793802e+001   3.6033726795787757e-003   7.4697171375918927e+001
  1.6000000000000041e+000   7.6677716096876352e+001  -2.4133971958757154e+000   7.6451949916788735e+001
  1.7000000000000044e+000   7.7849299252581559e+001  -3.3763864954631901e+000   7.7666879174344459e+001
  1.8000000000000047e+000   7.8560566656444095e+001  -3.7567222226126686e+000   7.8435654248229540e+001
  1.9000000000000050e+000   7.8886672925540580e+001  -3.9055965700698558e+000   7.8814392960144588e+001
  2.0000000000000053e+000   7.8881463494510598e+001  -3.9635048273407838e+000   7.8849669200761127e+001
  2.1000000000000054e+000   7.8768938641575275e+001  -3.9861327025881246e+000   7.8737258872066022e+001
  2.2000000000000055e+000   7.8655247202212948e+001  -3.9944765111010661e+000   7.8623347656855543e+001
  2.3000000000000056e+000   7.8541114964421695e+001  -3.9977742393844919e+000   7.8509150457405113e+001
  2.4000000000000057e+000   7.8426874840136307e+001  -3.9991290547056209e+000   7.8394898113352681e+001
  2.5000000000000058e+000   7.8312642847782442e+001  -3.9996292383622345e+000   7.8280679444090296e+001
  2.6000000000000059e+000   7.8198475108463043e+001  -3.9998176981856455e+000   7.8166533827754847e+001
  2.7000000000000060e+000   7.8084393312576509e+001  -3.9999104012420821e+000   7.8052477135272369e+001
  2.8000000000000060e+000   7.7970402815244526e+001  -3.9999516496062126e+000   7.7938513397430981e+001
  2.9000000000000061e+000   7.7856507440542813e+001  -3.9999756573801388e+000   7.7824645332417376e+001
  3.0000000000000062e+000   7.7742708030980083e+001  -3.9999917717569389e+000   7.7710873327898639e+001
  3.1000000000000063e+000   7.7629004336895505e+001  -3.9999978270860068e+000   7.7597197335951137e+001
  3.2000000000000064e+000   7.7515396906598539e+001  -3.9999989313985087e+000   7.7483617750781718e+001
  3.3000000000000065e+000   7.7401886086293885e+001  -3.9999984770374617e+000   7.7370134816087273e+001
  3.4000000000000066e+000   7.7288472041789078e+001  -3.9999981363451802e+000   7.7256748654073604e+001
  3.5000000000000067e+000   7.7175154851569275e+001  -3.9999984969352052e+000   7.7143459340727375e+001
  3.6000000000000068e+000   7.7061934491375126e+001  -3.9999990638730769e+000   7.7030266825479742e+001
  3.7000000000000068e+000   7.6948810934736684e+001  -3.9999995838626385e+000   7.6917171146570141e+001
  3.8000000000000069e+000   7.6835784186849239e+001  -3.9999999388600163e+000   7.6804172272569858e+001
  3.9000000000000070e+000   7.6722854251881387e+001  -4.0000000000000000e+000   7.6691270366009562e+001
  4.0000000000000071e+000   7.6610021133541579e+001  -4.0000000000000000e+000   7.6578464881318226e+001
  4.1000000000000076e+000   7.6497284874612404e+001  -4.0000000000000000e+000   7.6465756554177759e+001
  4.2000000000000082e+000   7.6384645471719537e+001  -4.0000000000000000e+000   7.6353145051823915e+001
  4.3000000000000087e+000   7.6272102936109192e+001  -4.0000000000000000e+000   7.6240630389780364e+001
  4.4000000000000092e+000   7.6159657277614969e+001  -4.0000000000000000e+000   7.6128212604024569e+001
  4.5000000000000098e+000   7.6047308505706866e+001  -4.0000000000000000e+000   7.6015891704351716e+001
  4.6000000000000103e+000   7.5935056629732358e+001  -4.0000000000000000e+000   7.5903667699906194e+001
  4.7000000000000108e+000   7.5822901659152095e+001  -4.0000000000000000e+000   7.5791540600385190e+001
  4.8000000000000114e+000   7.5710843603400036e+001  -4.0000000000000000e+000   7.5679510414982857e+001
  4.9000000000000119e+000   7.5598882471884735e+001  -4.0000000000000000e+000   7.5567577153178618e+001
  5.0000000000000124e+000   7.5487018273986422e+001  -4.0000000000000000e+000   7.5455740824320756e+001
  5.1000000000000130e+000   7.5388202605522125e+001  -4.0000000000000000e+000   7.5353900329112477e+001
  5.2000000000000135e+000   7.5316202891399172e+001  -4.0000000000000000e+000   7.5278094756489523e+001
  5.3000000000000140e+000   7.5277045765417853e+001  -4.0000000000000000e+000   7.5234444427024755e+001
  5.4000000000000146e+000   7.5270350779222639e+001  -4.0000000000000000e+000   7.5223412661447796e+001
  5.5000000000000151e+000   7.5292260306023323e+001  -4.0000000000000000e+000   7.5241603991532060e+001
  5.6000000000000156e+000   7.5336329045620033e+001  -4.0000000000000000e+000   7.5282914332164381e+001
  5.7000000000000162e+000   7.5394601666681055e+001  -4.0000000000000000e+000   7.5339575545687453e+001
  5.8000000000000167e+000   7.5458724371764291e+001  -4.0000000000000000e+000   7.5403259192638274e+001
  5.9000000000000172e+000   7.5520929945322493e+001  -4.0000000000000000e+000   7.5466078756205590e+001
  6.0000000000000178e+000   7.5574809683861048e+001  -4.0000000000000000e+000   7.5521399720510416e+001
  6.1000000000000183e+000   7.5615806078445885e+001  -4.0000000000000000e+000   7.5564378906331413e+001
  6.2000000000000188e+000   7.5641400897030607e+001  -4.0000000000000000e+000   7.5592196185078180e+001
  6.3000000000000194e+000   7.5651110220343782e+001  -4.0000000000000000e+000   7.5604087372493282e+001
  6.4000000000000199e+000   7.5646251741975078e+001  -4.0000000000000000e+000   7.5601138647233370e+001
  6.5000000000000204e+000   7.5629543868127158e+001  -4.0000000000000000e+000   7.5585901276830398e+001
  6.6000000000000210e+000   7.5604631361507103e+001  -4.0000000000000000e+000   7.5561924321177671e+001
  6.7000000000000215e+000   7.5575560283216348e+001  -4.0000000000000000e+000   7.5533244862683674e+001
  6.8000000000000220e+000   7.5546289787114759e+001  -4.0000000000000000e+000   7.5503811138040874e+001
  6.9000000000000226e+000   7.5520222150097268e+001  -4.0000000000000000e+000   7.5477163813782454e+001
  7.0000000000000231e+000   7.5499938580455549e+001  -4.0000000000000000e+000   7.5455993304823636e+001
  7.1000000000000236e+000   7.5486983759267915e+001  -4.0000000000000000e+000   7.5441988220570224e+001
  7.2000000000000242e+000   7.5481830075073219e+001  -4.0000000000000000e+000   7.5435765388341153e+001
  7.3000000000000247e+000   7.5483969026537039e+001  -4.0000000000000000e+000   7.5436944370308254e+001
  7.4000000000000252e+000   7.5492109281446218e+001  -4.0000000000000000e+000   7.5444332238208091e+001
  7.5000000000000258e+000   7.5504422906910534e+001  -4.0000000000000000e+000   7.5456160505752663e+001
  7.6000000000000263e+000   7.5518875386777452e+001  -4.0000000000000000e+000   7.5470413889202547e+001
  7.7000000000000268e+000   7.5533474360317939e+001  -4.0000000000000000e+000   7.5485081911801117e+001
  7.8000000000000274e+000   7.5546501899907284e+001  -4.0000000000000000e+000   7.5498398317920632e+001
  7.9000000000000279e+000   7.5556687744379857e+001  -4.0000000000000000e+000   7.5509024982631274e+001
  8.0000000000000284e+000   7.5563294443914288e+001  -4.0000000000000000e+000   7.5516148521481753e+001
  8.1000000000000281e+000   7.5566120374225562e+001  -4.0000000000000000e+000   7.5519493570155348e+001
  8.2000000000000277e+000   7.5565450529478071e+001  -4.0000000000000000e+000   7.5519281817778023e+001
  8.3000000000000274e+000   7.5561953964946014e+001  -4.0000000000000000e+000   7.5516136055416240e+001
  8.4000000000000270e+000   7.5556539662583333e+001  -4.0000000000000000e+000   7.5510938942494676e+001
  8.5000000000000266e+000   7.5550216784694683e+001  -4.0000000000000000e+000   7.5504692979936465e+001
  8.6000000000000263e+000   7.5543957470694465e+001  -4.0000000000000000e+000   7.5498381857006763e+001
  8.7000000000000259e+000   7.5538580667012255e+001  -4.0000000000000000e+000   7.5492849868848793e+001
  8.8000000000000256e+000   7.5534666392997281e+001  -4.0000000000000000e+000   7.5488712762842198e+001
  8.9000000000000252e+000   7.5532530125772325e+001  -4.0000000000000000e+000   7.5486322719458656e+001
  9.0000000000000249e+000   7.5532220661025107e+001  -4.0000000000000000e+000   7.5485765371154471e+001
  9.1000000000000245e+000   7.5533547099460094e+001  -4.0000000000000000e+000   7.5486880153865556e+001
  9.2000000000000242e+000   7.5536143884931391e+001  -4.0000000000000000e+000   7.5489323038070822e+001
  9.3000000000000238e+000   7.5539534603033886e+001  -4.0000000000000000e+000   7.5492627876793946e+001
  9.4000000000000234e+000   7.5543228960425267e+001  -4.0000000000000000e+000   7.5496301083512776e+001
  9.5000000000000231e+000   7.5546799680551302e+001  -4.0000000000000000e+000   7.5499914884645904e+001
  9.6000000000000227e+000   7.5554641078546496e+001  -4.0000000000000000e+000   7.5506017088544212e+001
  9.7000000000000224e+000   7.5621597771532080e+001  -4.0000000000000000e+000   7.5560871427637267e+001
  9.8000000000000220e+000   7.5767500619443211e+001  -4.0000000000000000e+000   7.5697050423667562e+001
  9.9000000000000217e+000   7.5954278788298012e+001  -4.0000000000000000e+000   7.5879577742234261e+001
  1.0000000000000000e+001   7.6147624040062198e+001  -4.0000000000000000e+000   7.6073431306835715e+001
