  0.0000000000000000e+000   1.5000000000000000e+000  -4.0000000000000000e+000   1.5000000000000000e+000
  1.0000000000000023e-001   5.2746933551530626e+000  -3.9278808713295810e+000   2.3116520993344687e+000
  2.0000000000000046e-001   1.5389477890987225e+001  -3.6118415241428066e+000   7.0399240901533693e+000
  3.0000000000000071e-001   2.5328219662447193e+001  -3.0557740389821615e+000   1.6006100612961561e+001
  4.0000000000000091e-001   3.5002282610190925e+001  -2.2936230896941368e+000   2.6218603587738873e+001
  5.0000000000000111e-001   4.4378432465921811e+001  -1.3452966748117294e+000   3.6515913332250314e+001
  6.0000000000000131e-001   5.3453155512701940e+001  -2.2145554620556229e-001   4.6594158788236932e+001
  7.0000000000000151e-001   6.2222140276631563e+001   1.0704406321962958e+000   5.6368216400730930e+001
  8.0000000000000171e-001   7.0686817382762470e+001   2.5234689496849159e+000   6.5812107136236250e+001
  9.0000000000000191e-001   7.8854026689247561e+001   4.1308567328966372e+000   7.4915689651592999e+001
  1.0000000000000022e+000   8.6734183827679630e+001   5.8855789537067071e+000   8.3673908823470654e+001
  1.1000000000000025e+000   9.4339025762614583e+001   7.6666827043210013e+000   9.2073619548136890e+001
  1.2000000000000028e+000   1.0167159757105850e+002   9.3607394247212028e+000   1.0008141638253868e+002
  1.3000000000000032e+000   1.0852869684009407e+002   1.9562065652768217e+000   1.0676556313915782e+002
  1.4000000000000035e+000   1.1445300277799656e+002  -1.5847397099783889e+000   1.1235114837246714e+002
  1.5000000000000038e+000   1.1961563294806875e+002  -3.0329192488152703e+000   1.1748777905899875e+002
  1.6000000000000041e+000   1.2421559514349318e+002  -3.6166718975822842e+000   1.2224859193302116e+002
  1.7000000000000044e+000   1.2837050378322775e+002  -3.8491931643725974e+000   1.2663325410195554e+002
  1.8000000000000047e+000   1.3214474879421462e+002  -3.9410927363134349e+000   1.3064406252796249e+002
  1.9000000000000050e+000   1.3557553681899148e+002  -3.9770172845634444e+000   1.3429295332417490e+002
  2.0000000000000053e+000   1.3868790060690503e+002  -3.9910749314208669e+000   1.3759742840778463e+002
  2.1000000000000054e+000   1.4150182027079495e+002  -3.9965408820070096e+000   1.4057693049122312e+002
  2.2000000000000055e+000   1.4403514163176877e+002  -3.9986622687020810e+000   1.4325132351212349e+002
  2.3000000000000056e+000   1.4630451086174227e+002  -3.9994885704420038e+000   1.4564012898123693e+002
  2.4000000000000057e+000   1.4832576981640818e+002  -3.9998054537304979e+000   1.4776227581462192e+002
  2.5000000000000058e+000   1.5011390863098634e+002  -3.9999265632058307e+000   1.4963551731758037e+002
  2.6000000000000059e+000   1.5168295029980197e+002  -3.9999725699157116e+000   1.5127653877249693e+002
  2.7000000000000060e+000   1.5304591822913557e+002  -3.9999896758433899e+000   1.5270063220470118e+002
  2.8000000000000060e+000   1.5421477980487413e+002  -3.9999958073433377e+000   1.5392170296146156e+002
  2.9000000000000061e+000   1.5520044185231129e+002  -3.9999980654162615e+000   1.5495225953974267e+002
  3.0000000000000062e+000   1.5601286132251315e+002  -3.9999990187742207e+000   1.5580356947811930e+002
  3.1000000000000063e+000   1.5666116940468976e+002  -3.9999995265319623e+000   1.5648578762370738e+002
  3.2000000000000064e+000   1.5715383365497806e+002  -3.9999997954685527e+000   1.5700815331252787e+002
  3.3000000000000065e+000   1.5749894048440362e+002  -3.9999999257488628e+000   1.5737942585242880e+002
  3.4000000000000066e+000   1.5770455948378097e+002  -3.9999999721562771e+000   1.5760805959761711e+002
  3.5000000000000067e+000   1.5777907206618272e+002  -3.9999999889841531e+000   1.5770278582122916e+002
  3.6000000000000068e+000   1.5773162932550395e+002  -3.9999999958387398e+000   1.5767297619953303e+002
  3.7000000000000068e+000   1.5758195985670463e+002  -3.9999999984498826e+000   1.5753445093342393e+002
  3.8000000000000069e+000   1.5741502478008195e+002  -3.9999999994413602e+000   1.5736737803924424e+002
  3.9000000000000070e+000   1.5724812821514291e+002  -3.9999999998345932e+000   1.5720050918681818e+002
  4.0000000000000071e+000   1.5708132213657981e+002  -3.9999999999748379e+000   1.5703373318401782e+002
  4.1000000000000076e+000   1.5691460794838113e+002  -4.0000000000000000e+000   1.5686704704701486e+002
  4.2000000000000082e+000   1.5674798503536050e+002  -4.0000000000000000e+000   1.5670045211768928e+002
  4.3000000000000087e+000   1.5658145341756293e+002  -4.0000000000000000e+000   1.5653394838081630e+002
  4.4000000000000092e+000   1.5641501305235965e+002  -4.0000000000000000e+000   1.5636753595234111e+002
  4.5000000000000098e+000   1.5624866397374950e+002  -4.0000000000000000e+000   1.5620121478428396e+002
  4.6000000000000103e+000   1.5608240617978578e+002  -4.0000000000000000e+000   1.5603498490648715e+002
  4.7000000000000108e+000   1.5591623967792734e+002  -4.0000000000000000e+000   1.5586884632821386e+002
  4.8000000000000114e+000   1.5575016447665695e+002  -4.0000000000000000e+000   1.5570279896586027e+002
  4.9000000000000119e+000   1.5558418383353293e+002  -4.0000000000000000e+000   1.5553684623026382e+002
  5.0000000000000124e+000   1.5541829128776442e+002  -4.0000000000000000e+000   1.5537098172215886e+002
  5.1000000000000130e+000   1.5525249005119855e+002  -4.0000000000000000e+000   1.5520520838899498e+002
  5.2000000000000135e+000   1.5508678014589293e+002  -4.0000000000000000e+000   1.5503952639258551e+002
  5.3000000000000140e+000   1.5492116157511509e+002  -4.0000000000000000e+000   1.5487393575000874e+002
  5.4000000000000146e+000   1.5475563435679305e+002  -4.0000000000000000e+000   1.5470843645406529e+002
  5.5000000000000151e+000   1.5459019849666529e+002  -4.0000000000000000e+000   1.5454302851800367e+002
  5.6000000000000156e+000   1.5442485400486339e+002  -4.0000000000000000e+000   1.5437771194651017e+002
  5.7000000000000162e+000   1.5425960088820437e+002  -4.0000000000000000e+000   1.5421248674960228e+002
  5.8000000000000167e+000   1.5409443915472283e+002  -4.0000000000000000e+000   1.5404735293547387e+002
  5.9000000000000172e+000   1.5393390307750352e+002  -4.0000000000000000e+000   1.5388501321485003e+002
  6.0000000000000178e+000   1.5378532214232490e+002  -4.0000000000000000e+000   1.5373561912878682e+002
  6.1000000000000183e+000   1.5365219278307276e+002  -4.0000000000000000e+000   1.5359967041847102e+002
  6.2000000000000188e+000   1.5354221809867710e+002  -4.0000000000000000e+000   1.5348626644819853e+002
  6.3000000000000194e+000   1.5345853363321706e+002  -4.0000000000000000e+000   1.5339873645949780e+002
  6.4000000000000199e+000   1.5340273800084634e+002  -4.0000000000000000e+000   1.5333888720790597e+002
  6.5000000000000204e+000   1.5337493639913924e+002  -4.0000000000000000e+000   1.5330703514633518e+002
  6.6000000000000210e+000   1.5337379951399430e+002  -4.0000000000000000e+000   1.5330205472591547e+002
  6.7000000000000215e+000   1.5339675976300447e+002  -4.0000000000000000e+000   1.5332156133764056e+002
  6.8000000000000220e+000   1.5344029545154623e+002  -4.0000000000000000e+000   1.5336218257968955e+002
  6.9000000000000226e+000   1.5350013142087431e+002  -4.0000000000000000e+000   1.5341975448546285e+002
  7.0000000000000231e+000   1.5357160111502378e+002  -4.0000000000000000e+000   1.5348967350777369e+002
  7.1000000000000236e+000   1.5364991254930561e+002  -4.0000000000000000e+000   1.5356716421124256e+002
  7.2000000000000242e+000   1.5373041265692049e+002  -4.0000000000000000e+000   1.5364754598900740e+002
  7.3000000000000247e+000   1.5380881505687356e+002  -4.0000000000000000e+000   1.5372646629946735e+002
  7.4000000000000252e+000   1.5388139678433944e+002  -4.0000000000000000e+000   1.5380010661509144e+002
  7.5000000000000258e+000   1.5394511782698441e+002  -4.0000000000000000e+000   1.5386531077564217e+002
  7.6000000000000263e+000   1.5399772897719686e+002  -4.0000000000000000e+000   1.5391970348946595e+002
  7.7000000000000268e+000   1.5403779148397848e+002  -4.0000000000000000e+000   1.5396171737831827e+002
  7.8000000000000274e+000   1.5406465927418586e+002  -4.0000000000000000e+000   1.5399058401905202e+002
  7.9000000000000279e+000   1.5407845249812601e+002  -4.0000000000000000e+000   1.5400630865469233e+002
  8.0000000000000284e+000   1.5407997279453784e+002  -4.0000000000000000e+000   1.5400960082128179e+002
  8.1000000000000281e+000   1.5407061864835495e+002  -4.0000000000000000e+000   1.5400177525528684e+002
  8.2000000000000277e+000   1.5405223108358922e+002  -4.0000000000000000e+000   1.5398462272655260e+002
  8.3000000000000274e+000   1.5402698273689126e+002  -4.0000000000000000e+000   1.5396027512657790e+002
  8.4000000000000270e+000   1.5399714339511223e+002  -4.0000000000000000e+000   1.5393098896535201e+002
  8.5000000000000266e+000   1.5396511423741470e+002  -4.0000000000000000e+000   1.5389916948046590e+002
  8.6000000000000263e+000   1.5393313209499223e+002  -4.0000000000000000e+000   1.5386707702627737e+002
  8.7000000000000259e+000   1.5390320771348630e+002  -4.0000000000000000e+000   1.5383676164297177e+002
  8.8000000000000256e+000   1.5387702687572784e+002  -4.0000000000000000e+000   1.5380996040593502e+002
  8.9000000000000252e+000   1.5385587334548848e+002  -4.0000000000000000e+000   1.5378801735964402e+002
  9.0000000000000249e+000   1.5384058680654476e+002  -4.0000000000000000e+000   1.5377183698507548e+002
  9.1000000000000245e+000   1.5383154825832062e+002  -4.0000000000000000e+000   1.5376186671218898e+002
  9.2000000000000242e+000   1.5382871914688664e+002  -4.0000000000000000e+000   1.5375812950684801e+002
  9.3000000000000238e+000   1.5383167789732690e+002  -4.0000000000000000e+000   1.5376025931042301e+002
  9.4000000000000234e+000   1.5383967753767581e+002  -4.0000000000000000e+000   1.5376755447685966e+002
  9.5000000000000231e+000   1.5385170135389274e+002  -4.0000000000000000e+000   1.5377903047885212e+002
  9.6000000000000227e+000   1.5386660283996824e+002  -4.0000000000000000e+000   1.5379355966267462e+002
  9.7000000000000224e+000   1.5388317826876641e+002  -4.0000000000000000e+000   1.5380994379101335e+002
  9.8000000000000220e+000   1.5390022362449861e+002  -4.0000000000000000e+000   1.5382697105809481e+002
  9.9000000000000217e+000   1.5391669957194739e+002  -4.0000000000000000e+000   1.5384358466220061e+002
  1.0000000000000000e+001   1.5393166557490940e+002  -4.0000000000000000e+000   1.5385881703429638e+002
