  0.0000000000000000e+000   1.5000000000000000e+000  -4.0000000000000000e+000   1.5000000000000000e+000
  1.0000000000000023e-001   3.2234744867187222e+000  -3.9278808884972922e+000   1.9835767275953906e+000
  2.0000000000000046e-001   8.4954329437550040e+000  -3.6118411214161932e+000   4.5143952202513695e+000
  3.0000000000000071e-001   1.4676788065952099e+001  -3.0557762242362712e+000   9.9595147682752412e+000
  4.0000000000000091e-001   2.0898178334716874e+001  -2.2936264293048287e+000   1.6721024413422747e+001
  5.0000000000000111e-001   2.7055261815777818e+001  -1.3452938602085958e+000   2.3598624611323164e+001
  6.0000000000000131e-001   3.3054978722208375e+001  -2.2144936750307931e-001   3.0273302800002263e+001
  7.0000000000000151e-001   3.8841317666005601e+001   1.0704497825425481e+000   3.6675826410593956e+001
  8.0000000000000171e-001   4.4390587046570673e+001   2.5235363780670088e+000   4.2785716935506926e+001
  9.0000000000000191e-001   4.9697116583931020e+001   4.1309314818275773e+000   4.8589409734255334e+001
  1.0000000000000022e+000   5.4763178352688790e+001   5.8856360406115016e+000   5.4073194930812434e+001
  1.1000000000000025e+000   5.9589542389068690e+001   7.6667079603185240e+000   5.9217487695319861e+001
  1.2000000000000028e+000   6.4155823619165076e+001   9.3607481953063871e+000   6.4001083217082808e+001
  1.3000000000000032e+000   6.8425556883511717e+001   1.0972127345837233e+001   6.8416880246928656e+001
  1.4000000000000035e+000   7.2357653064661136e+001   1.2504896184163943e+001   7.2461478157595650e+001
  1.5000000000000038e+000   7.5899262016675607e+001   1.3962901480007197e+001   7.6144799384123161e+001
  1.6000000000000041e+000   7.9000979501785551e+001   1.5349796879013383e+001   7.9453157606273138e+001
  1.7000000000000044e+000   8.1606231031342134e+001   1.6669051462524415e+001   8.2354937778652939e+001
  1.8000000000000047e+000   8.3639596039204960e+001   1.7923965028562584e+001   8.4807057454612547e+001
  1.9000000000000050e+000   8.5105190908966975e+001   1.9117675538201382e+001   8.6784914914643338e+001
  2.0000000000000053e+000   8.6016246709611607e+001   2.0253167978814080e+001   8.8301528327439229e+001
  2.1000000000000054e+000   8.6487095691871346e+001   2.1333282836313725e+001   8.9389716068609687e+001
  2.2000000000000055e+000   8.6716017663478681e+001   2.2360718919895103e+001   9.0159379861503126e+001
  2.3000000000000056e+000   8.6861896649794176e+001   2.3338045815625897e+001   9.0741541401946876e+001
  2.4000000000000057e+000   8.7011157658901283e+001   2.4267708039459258e+001   9.1240683236680297e+001
  2.5000000000000058e+000   8.7196908388191517e+001   2.5152030461558024e+001   9.1721362082260683e+001
  2.6000000000000059e+000   8.7424921051240830e+001   2.5993223859474654e+001   9.2215226283847969e+001
  2.7000000000000060e+000   8.7690357929870686e+001   2.6793391781954007e+001   9.2733630585160540e+001
  2.8000000000000060e+000   8.7985245710049611e+001   2.7554535036505840e+001   9.3277016094204157e+001
  2.9000000000000061e+000   8.8301806960638856e+001   2.8278556910258573e+001   9.3841114627966363e+001
  3.0000000000000062e+000   8.8633447164011315e+001   2.8967267813039605e+001   9.4420112214705398e+001
  3.1000000000000063e+000   8.8975017363289481e+001   2.9622389886164079e+001   9.5008402142526165e+001
  3.2000000000000064e+000   8.9322545936411288e+001   3.0245561282941878e+001   9.5601111790659104e+001
  3.3000000000000065e+000   8.9673005167722778e+001   3.0838340241931071e+001   9.6194201095871279e+001
  3.4000000000000066e+000   9.0024111720988017e+001   3.1402209010735866e+001   9.6784482466652250e+001
  3.5000000000000067e+000   9.0374102310882151e+001   3.1938577563585319e+001   9.7369480885539801e+001
  3.6000000000000068e+000   9.0721586357437360e+001   3.2448787114700103e+001   9.7947254085370844e+001
  3.7000000000000068e+000   9.1065463432028352e+001   3.2934114445365068e+001   9.8516261060312871e+001
  3.8000000000000069e+000   9.1416940414645296e+001   3.3395771715897844e+001   9.9075603165954220e+001
  3.9000000000000070e+000   9.2429726150557599e+001   3.3834913111240425e+001   9.9773403708377245e+001
  4.0000000000000071e+000   9.3665669045120950e+001   3.4252637328005726e+001   1.0080320610582531e+002
  4.1000000000000076e+000   9.4796602354964094e+001   3.4649988894319037e+001   1.0199321712279804e+002
  4.2000000000000082e+000   9.5827188495937420e+001   3.5027961396066793e+001   1.0320713729074430e+002
  4.3000000000000087e+000   9.6786588839300933e+001   3.5387499961386474e+001   1.0438920573988240e+002
  4.4000000000000092e+000   9.7692601782732311e+001   3.5729503624471803e+001   1.0552317301985936e+002
  4.5000000000000098e+000   9.8554587412665015e+001   3.6054827211274912e+001   1.0660712916059137e+002
  4.6000000000000103e+000   9.9377963023653422e+001   3.6364284010490209e+001   1.0764339389823633e+002
  4.7000000000000108e+000   1.0016639795907224e+002   3.6658647796877467e+001   1.0863520195545253e+002
  4.8000000000000114e+000   1.0092270157887218e+002   3.6938655017655542e+001   1.0958572177606652e+002
  4.9000000000000119e+000   1.0164915844964791e+002   3.7205004490239141e+001   1.1049777554124178e+002
  5.0000000000000124e+000   1.0234775136200403e+002   3.7458363932852983e+001   1.1137386416501005e+002
  5.1000000000000130e+000   1.0302018416327756e+002   3.7699366999737002e+001   1.1221616675074870e+002
  5.2000000000000135e+000   1.0366796063240972e+002   3.7928617601425017e+001   1.1302661610647505e+002
  5.3000000000000140e+000   1.0429242234792203e+002   3.8146691168639009e+001   1.1380693742796304e+002
  5.4000000000000146e+000   1.0489472918726528e+002   3.8354130291407010e+001   1.1455863491328955e+002
  5.5000000000000151e+000   1.0547592800846397e+002   3.8551451245275011e+001   1.1528306706843230e+002
  5.6000000000000156e+000   1.0603698821807562e+002   3.8739147526872699e+001   1.1598149142144605e+002
  5.7000000000000162e+000   1.0657879822032234e+002   3.8917689385332714e+001   1.1665506618480391e+002
  5.8000000000000167e+000   1.0710216638161502e+002   3.9087523785370017e+001   1.1730485289358909e+002
  5.9000000000000172e+000   1.0760783396487416e+002   3.9249075439454870e+001   1.1793182733431911e+002
  6.0000000000000178e+000   1.0809648827405668e+002   3.9402748183299764e+001   1.1853689487900468e+002
  6.1000000000000183e+000   1.0856876971194696e+002   3.9548926185518390e+001   1.1912090144622459e+002
  6.2000000000000188e+000   1.0902527904214455e+002   3.9687974951702074e+001   1.1968464139093679e+002
  6.3000000000000194e+000   1.0946657643405233e+002   3.9820242333105320e+001   1.2022886301966412e+002
  6.4000000000000199e+000   1.0989319327296130e+002   3.9946059138036418e+001   1.2075427244695130e+002
  6.5000000000000204e+000   1.1030563051685176e+002   4.0065740132989795e+001   1.2126153857755720e+002
  6.6000000000000210e+000   1.1070436107291727e+002   4.0179584075739186e+001   1.2175129331418499e+002
  6.7000000000000215e+000   1.1108983813448337e+002   4.0287875858333187e+001   1.2222414249231079e+002
  6.8000000000000220e+000   1.1145786579092901e+002   3.7781317540153218e+001   1.2250409429228426e+002
  6.9000000000000226e+000   1.1172896301889797e+002   3.7830392331088028e+001   1.2249497233525089e+002
  7.0000000000000231e+000   1.1191762188514933e+002   3.7591716516644979e+001   1.2248782041242092e+002
  7.1000000000000236e+000   1.1204790536056137e+002   3.7366922020644623e+001   1.2248444848339584e+002
  7.2000000000000242e+000   1.1213751589301710e+002   3.7196153589876673e+001   1.2248204503404961e+002
  7.3000000000000247e+000   1.1219888230723365e+002   3.7072410723905058e+001   1.2247966898499317e+002
  7.4000000000000252e+000   1.1224061260744718e+002   3.6987544321105034e+001   1.2247736799192171e+002
  7.5000000000000258e+000   1.1226884869145931e+002   3.6928940982012044e+001   1.2247484284239782e+002
  7.6000000000000263e+000   1.1228769364922437e+002   3.6887645475390300e+001   1.2247217130724702e+002
  7.7000000000000268e+000   1.1230004522101096e+002   3.6858070702016875e+001   1.2246938118090142e+002
  7.8000000000000274e+000   1.1230790696664843e+002   3.6836420457293542e+001   1.2246654937047249e+002
  7.9000000000000279e+000   1.1231266094550270e+002   3.6821129366455757e+001   1.2246372061527389e+002
  8.0000000000000284e+000   1.1231527666162755e+002   3.6809211823262963e+001   1.2246087421082392e+002
  8.1000000000000281e+000   1.1231641777811846e+002   3.6801686854005069e+001   1.2245796953839610e+002
  8.2000000000000277e+000   1.1231653013997179e+002   3.6795483734851601e+001   1.2245505007540692e+002
  8.3000000000000274e+000   1.1231595552299700e+002   3.6790743300339287e+001   1.2245210699295954e+002
  8.4000000000000270e+000   1.1231486390708589e+002   3.6787042295279718e+001   1.2244914907900976e+002
  8.5000000000000266e+000   1.1231340107144405e+002   3.6784031271814683e+001   1.2244617820828668e+002
  8.6000000000000263e+000   1.1231166581175064e+002   3.6781529919773917e+001   1.2244319461011231e+002
  8.7000000000000259e+000   1.1230974314029172e+002   3.6779384114555668e+001   1.2244019991634228e+002
  8.8000000000000256e+000   1.1230768707968062e+002   3.6777491211640523e+001   1.2243719558062958e+002
  8.9000000000000252e+000   1.1230557585184017e+002   3.6775693097628945e+001   1.2243418295159579e+002
  9.0000000000000249e+000   1.1230341972391874e+002   3.6773962637113677e+001   1.2243116272138275e+002
  9.1000000000000245e+000   1.1230123650374907e+002   3.6772277675849224e+001   1.2242813571054648e+002
  9.2000000000000242e+000   1.1229903231521678e+002   3.6770630663727900e+001   1.2242510259360435e+002
  9.3000000000000238e+000   1.1229680411954999e+002   3.6769014583211288e+001   1.2242206386667613e+002
  9.4000000000000234e+000   1.1229456516602626e+002   3.6767406865654671e+001   1.2241902027604549e+002
  9.5000000000000231e+000   1.1229231025708872e+002   3.6765827419986117e+001   1.2241597185917337e+002
  9.6000000000000227e+000   1.1229004600160150e+002   3.6764261622007112e+001   1.2241291923669789e+002
  9.7000000000000224e+000   1.1228777280862654e+002   3.6762708162421880e+001   1.2240986288532575e+002
  9.8000000000000220e+000   1.1228549209869811e+002   3.6761163754991507e+001   1.2240680327638147e+002
  9.9000000000000217e+000   1.1228320561213495e+002   3.6759625710426789e+001   1.2240374077597728e+002
  1.0000000000000021e+001   1.1228091388158995e+002   3.6758094352224653e+001   1.2240067565246996e+002
